100 4950
0 1 8308
0 2 5773
0 3 8003
0 4 4336
0 5 8572
0 6 2310
0 7 7204
0 8 3632
0 9 4406
0 10 8922
0 11 3674
0 12 1727
0 13 6718
0 14 5593
0 15 5347
0 16 4975
0 17 18
0 18 7298
0 19 234
0 20 6828
0 21 6321
0 22 872
0 23 2101
0 24 9439
0 25 6803
0 26 3751
0 27 3600
0 28 2650
0 29 7959
0 30 5538
0 31 1677
0 32 3465
0 33 8473
0 34 3391
0 35 9286
0 36 8269
0 37 6171
0 38 7362
0 39 5083
0 40 6916
0 41 8451
0 42 5641
0 43 9553
0 44 7373
0 45 7144
0 46 1991
0 47 7835
0 48 2291
0 49 1871
0 50 4487
0 51 5158
0 52 3281
0 53 2540
0 54 2804
0 55 5193
0 56 5617
0 57 478
0 58 6519
0 59 3037
0 60 4607
0 61 7065
0 62 5337
0 63 7923
0 64 9934
0 65 5688
0 66 5276
0 67 5914
0 68 8785
0 69 8469
0 70 1900
0 71 8241
0 72 8814
0 73 6544
0 74 5459
0 75 1219
0 76 4039
0 77 4852
0 78 1415
0 79 1545
0 80 7333
0 81 3946
0 82 759
0 83 1477
0 84 8164
0 85 2726
0 86 9687
0 87 8040
0 88 1930
0 89 8713
0 90 700
0 91 6652
0 92 5481
0 93 8930
0 94 4617
0 95 5958
0 96 4854
0 97 8680
0 98 9516
0 99 3498
1 2 8471
1 3 5474
1 4 4189
1 5 9130
1 6 5610
1 7 8024
1 8 5210
1 9 8243
1 10 6015
1 11 7550
1 12 5395
1 13 308
1 14 8008
1 15 1509
1 16 6413
1 17 6133
1 18 649
1 19 343
1 20 9333
1 21 76
1 22 8145
1 23 4762
1 24 5686
1 25 4026
1 26 3933
1 27 9044
1 28 3899
1 29 226
1 30 5869
1 31 1901
1 32 8123
1 33 8788
1 34 1439
1 35 4368
1 36 6248
1 37 6339
1 38 3412
1 39 9404
1 40 185
1 41 6040
1 42 9578
1 43 5460
1 44 5305
1 45 439
1 46 4966
1 47 5633
1 48 6891
1 49 6199
1 50 1433
1 51 8828
1 52 5751
1 53 3796
1 54 3808
1 55 8105
1 56 9911
1 57 2976
1 58 8907
1 59 6465
1 60 655
1 61 8843
1 62 2058
1 63 3056
1 64 5217
1 65 2585
1 66 6867
1 67 8474
1 68 1191
1 69 2788
1 70 9684
1 71 6916
1 72 3419
1 73 8478
1 74 1035
1 75 2329
1 76 7493
1 77 4802
1 78 9508
1 79 5263
1 80 6187
1 81 7949
1 82 6457
1 83 2799
1 84 6443
1 85 3760
1 86 2210
1 87 3162
1 88 682
1 89 409
1 90 3193
1 91 7126
1 92 5175
1 93 1140
1 94 7234
1 95 3060
1 96 9239
1 97 8391
1 98 5203
1 99 3970
2 3 540
2 4 1652
2 5 5165
2 6 6589
2 7 5988
2 8 2265
2 9 2742
2 10 8023
2 11 3889
2 12 7429
2 13 9481
2 14 8384
2 15 941
2 16 1753
2 17 506
2 18 3688
2 19 3253
2 20 1290
2 21 9755
2 22 9878
2 23 7424
2 24 1101
2 25 5968
2 26 7707
2 27 9094
2 28 4844
2 29 3559
2 30 1701
2 31 7050
2 32 5515
2 33 1807
2 34 7218
2 35 7234
2 36 3497
2 37 8686
2 38 5118
2 39 2033
2 40 8450
2 41 6742
2 42 7082
2 43 8883
2 44 2337
2 45 9158
2 46 9941
2 47 4021
2 48 1586
2 49 1015
2 50 7326
2 51 4841
2 52 220
2 53 9181
2 54 2166
2 55 6215
2 56 7164
2 57 5293
2 58 4398
2 59 6001
2 60 8877
2 61 6206
2 62 1069
2 63 8287
2 64 1785
2 65 6445
2 66 3867
2 67 5506
2 68 1754
2 69 7582
2 70 9472
2 71 5184
2 72 1884
2 73 6956
2 74 8933
2 75 431
2 76 3018
2 77 5802
2 78 8578
2 79 5788
2 80 2697
2 81 5640
2 82 877
2 83 3486
2 84 2105
2 85 1376
2 86 6141
2 87 8064
2 88 3862
2 89 5368
2 90 2340
2 91 5181
2 92 2099
2 93 2003
2 94 9363
2 95 4832
2 96 403
2 97 554
2 98 2237
2 99 8779
3 4 8304
3 5 5793
3 6 2087
3 7 313
3 8 1676
3 9 3608
3 10 1429
3 11 7974
3 12 8725
3 13 25
3 14 710
3 15 5950
3 16 6193
3 17 9389
3 18 57
3 19 8838
3 20 6271
3 21 958
3 22 4454
3 23 660
3 24 3767
3 25 1358
3 26 6261
3 27 9654
3 28 9927
3 29 1892
3 30 4061
3 31 6712
3 32 1657
3 33 6109
3 34 5245
3 35 1450
3 36 7656
3 37 3321
3 38 5713
3 39 9699
3 40 9394
3 41 4948
3 42 6950
3 43 8996
3 44 7432
3 45 2587
3 46 8376
3 47 4145
3 48 1549
3 49 8143
3 50 8783
3 51 6325
3 52 7838
3 53 2428
3 54 598
3 55 6234
3 56 8793
3 57 9824
3 58 1059
3 59 8220
3 60 5317
3 61 7935
3 62 8673
3 63 9001
3 64 7405
3 65 6619
3 66 1464
3 67 894
3 68 5726
3 69 5374
3 70 367
3 71 2121
3 72 4672
3 73 4046
3 74 7217
3 75 7542
3 76 8437
3 77 9763
3 78 5745
3 79 5934
3 80 5790
3 81 9934
3 82 5490
3 83 6166
3 84 8477
3 85 7829
3 86 5997
3 87 73
3 88 6417
3 89 7126
3 90 4045
3 91 7718
3 92 5911
3 93 2334
3 94 1179
3 95 3891
3 96 2082
3 97 4328
3 98 5347
3 99 1922
4 5 154
4 6 1605
4 7 8681
4 8 7010
4 9 2209
4 10 5944
4 11 8142
4 12 2621
4 13 3817
4 14 6716
4 15 9878
4 16 1510
4 17 2047
4 18 9874
4 19 4417
4 20 8320
4 21 3682
4 22 6275
4 23 8085
4 24 3036
4 25 3724
4 26 7568
4 27 1180
4 28 8603
4 29 9003
4 30 4537
4 31 5887
4 32 6659
4 33 4394
4 34 6512
4 35 873
4 36 4005
4 37 2160
4 38 279
4 39 1936
4 40 8882
4 41 5274
4 42 5733
4 43 8385
4 44 4413
4 45 5507
4 46 6590
4 47 7816
4 48 2337
4 49 4409
4 50 2333
4 51 5446
4 52 4896
4 53 1984
4 54 4431
4 55 7290
4 56 9974
4 57 4117
4 58 7962
4 59 5856
4 60 6058
4 61 316
4 62 2244
4 63 3816
4 64 3746
4 65 3414
4 66 6302
4 67 8595
4 68 5347
4 69 3909
4 70 8590
4 71 703
4 72 4135
4 73 5614
4 74 9131
4 75 1930
4 76 7377
4 77 4806
4 78 7869
4 79 9377
4 80 7837
4 81 6740
4 82 3446
4 83 6403
4 84 2460
4 85 4208
4 86 4267
4 87 4837
4 88 8886
4 89 4277
4 90 1689
4 91 2908
4 92 3073
4 93 4861
4 94 7972
4 95 7148
4 96 1337
4 97 1035
4 98 9150
4 99 6530
5 6 5987
5 7 1442
5 8 7021
5 9 1907
5 10 8063
5 11 9517
5 12 4112
5 13 5455
5 14 4271
5 15 5806
5 16 3919
5 17 7662
5 18 6665
5 19 6480
5 20 1010
5 21 4320
5 22 4895
5 23 1383
5 24 2603
5 25 3408
5 26 8652
5 27 2272
5 28 5134
5 29 5107
5 30 3603
5 31 9282
5 32 5849
5 33 9619
5 34 1524
5 35 9592
5 36 127
5 37 7435
5 38 8792
5 39 4568
5 40 5075
5 41 7486
5 42 3329
5 43 315
5 44 3170
5 45 4923
5 46 7165
5 47 4982
5 48 5674
5 49 9852
5 50 3512
5 51 2340
5 52 1608
5 53 4431
5 54 9511
5 55 6605
5 56 2530
5 57 3521
5 58 1053
5 59 9721
5 60 5927
5 61 3929
5 62 9447
5 63 7368
5 64 5420
5 65 9557
5 66 3864
5 67 9946
5 68 9039
5 69 5463
5 70 3899
5 71 6391
5 72 6682
5 73 5001
5 74 1587
5 75 1933
5 76 9843
5 77 8169
5 78 9833
5 79 7483
5 80 58
5 81 2310
5 82 1175
5 83 6472
5 84 7149
5 85 775
5 86 651
5 87 7544
5 88 3970
5 89 3288
5 90 9894
5 91 9887
5 92 280
5 93 9571
5 94 9740
5 95 8118
5 96 3240
5 97 3126
5 98 5703
5 99 1639
6 7 8943
6 8 1462
6 9 5241
6 10 1135
6 11 9016
6 12 9777
6 13 6771
6 14 2159
6 15 946
6 16 3960
6 17 1378
6 18 5983
6 19 6057
6 20 9327
6 21 105
6 22 4179
6 23 3984
6 24 5848
6 25 8725
6 26 8595
6 27 206
6 28 6299
6 29 8181
6 30 9587
6 31 3987
6 32 6946
6 33 2004
6 34 641
6 35 3078
6 36 6899
6 37 6177
6 38 81
6 39 8714
6 40 5466
6 41 2121
6 42 1963
6 43 9913
6 44 6615
6 45 6661
6 46 2565
6 47 2430
6 48 4123
6 49 2880
6 50 9428
6 51 5575
6 52 2771
6 53 9986
6 54 3064
6 55 8043
6 56 4458
6 57 1330
6 58 6243
6 59 7982
6 60 6008
6 61 4462
6 62 295
6 63 383
6 64 6934
6 65 386
6 66 9393
6 67 5228
6 68 7242
6 69 9832
6 70 3577
6 71 981
6 72 6292
6 73 4828
6 74 1483
6 75 2054
6 76 9184
6 77 9197
6 78 2711
6 79 8372
6 80 8707
6 81 4928
6 82 4588
6 83 7650
6 84 7518
6 85 337
6 86 9594
6 87 7262
6 88 3118
6 89 8537
6 90 4484
6 91 5554
6 92 2575
6 93 9042
6 94 4540
6 95 7866
6 96 7179
6 97 4644
6 98 1598
6 99 2509
7 8 3846
7 9 347
7 10 1074
7 11 3151
7 12 7434
7 13 5767
7 14 5138
7 15 3291
7 16 5477
7 17 2876
7 18 2353
7 19 3975
7 20 1641
7 21 4802
7 22 7201
7 23 1205
7 24 9941
7 25 9852
7 26 6922
7 27 3826
7 28 847
7 29 7323
7 30 2015
7 31 8555
7 32 5216
7 33 2048
7 34 9630
7 35 1886
7 36 7861
7 37 9524
7 38 4455
7 39 9985
7 40 8365
7 41 1174
7 42 143
7 43 6278
7 44 9019
7 45 5533
7 46 5840
7 47 195
7 48 2379
7 49 1488
7 50 8996
7 51 7726
7 52 2101
7 53 9266
7 54 1955
7 55 655
7 56 5471
7 57 2579
7 58 5924
7 59 1495
7 60 6386
7 61 14
7 62 9550
7 63 9145
7 64 7394
7 65 4426
7 66 2511
7 67 9724
7 68 1631
7 69 4958
7 70 2047
7 71 9879
7 72 6302
7 73 1399
7 74 8864
7 75 4127
7 76 353
7 77 5050
7 78 1173
7 79 4836
7 80 3140
7 81 5072
7 82 350
7 83 2621
7 84 9831
7 85 8205
7 86 1174
7 87 6771
7 88 9023
7 89 8837
7 90 8023
7 91 2203
7 92 5795
7 93 8427
7 94 2742
7 95 1604
7 96 2429
7 97 9583
7 98 6298
7 99 7472
8 9 8447
8 10 3971
8 11 5843
8 12 3850
8 13 9348
8 14 593
8 15 6536
8 16 6332
8 17 3391
8 18 7223
8 19 2462
8 20 944
8 21 1435
8 22 1995
8 23 897
8 24 9469
8 25 4439
8 26 1934
8 27 1247
8 28 7945
8 29 2065
8 30 5154
8 31 405
8 32 9112
8 33 3443
8 34 9149
8 35 2434
8 36 5875
8 37 9462
8 38 1762
8 39 5763
8 40 818
8 41 7130
8 42 8036
8 43 7723
8 44 1118
8 45 6641
8 46 2078
8 47 1385
8 48 5801
8 49 4687
8 50 8519
8 51 6648
8 52 8895
8 53 9357
8 54 4537
8 55 4506
8 56 2644
8 57 5866
8 58 5166
8 59 3964
8 60 797
8 61 9230
8 62 5237
8 63 6370
8 64 4084
8 65 449
8 66 1198
8 67 7852
8 68 8813
8 69 4739
8 70 4420
8 71 1889
8 72 3390
8 73 9903
8 74 718
8 75 5751
8 76 476
8 77 9465
8 78 6958
8 79 5506
8 80 9994
8 81 3873
8 82 1453
8 83 2887
8 84 6059
8 85 9880
8 86 3125
8 87 4041
8 88 5330
8 89 7586
8 90 5694
8 91 3050
8 92 3077
8 93 4817
8 94 9180
8 95 543
8 96 301
8 97 2767
8 98 4036
8 99 4068
9 10 9762
9 11 5040
9 12 2012
9 13 5016
9 14 4394
9 15 7029
9 16 4992
9 17 3634
9 18 7959
9 19 6336
9 20 1387
9 21 2383
9 22 9640
9 23 4041
9 24 992
9 25 7774
9 26 5297
9 27 4345
9 28 1828
9 29 1414
9 30 2747
9 31 1881
9 32 3317
9 33 8256
9 34 5605
9 35 9834
9 36 1364
9 37 4790
9 38 9162
9 39 9056
9 40 8013
9 41 5713
9 42 1740
9 43 1167
9 44 2740
9 45 1391
9 46 5117
9 47 4021
9 48 3435
9 49 96
9 50 9336
9 51 5588
9 52 9121
9 53 773
9 54 6204
9 55 9132
9 56 2455
9 57 2901
9 58 3517
9 59 1646
9 60 3075
9 61 4947
9 62 4315
9 63 1534
9 64 7576
9 65 2859
9 66 6062
9 67 6485
9 68 1266
9 69 4434
9 70 3644
9 71 1434
9 72 7563
9 73 9913
9 74 2840
9 75 8793
9 76 7240
9 77 9952
9 78 3428
9 79 1871
9 80 7400
9 81 6309
9 82 479
9 83 3726
9 84 6041
9 85 700
9 86 2497
9 87 565
9 88 9971
9 89 8789
9 90 6565
9 91 1844
9 92 1729
9 93 1363
9 94 8327
9 95 9619
9 96 6727
9 97 8780
9 98 9414
9 99 3566
10 11 2574
10 12 9705
10 13 8370
10 14 4702
10 15 1412
10 16 4407
10 17 3636
10 18 8779
10 19 3827
10 20 9694
10 21 9264
10 22 3767
10 23 1371
10 24 7628
10 25 3240
10 26 6307
10 27 9655
10 28 1490
10 29 5329
10 30 7738
10 31 8027
10 32 4021
10 33 1082
10 34 7047
10 35 1493
10 36 7509
10 37 1567
10 38 6676
10 39 6643
10 40 6743
10 41 2766
10 42 157
10 43 4798
10 44 783
10 45 2255
10 46 4208
10 47 2216
10 48 5465
10 49 5856
10 50 4501
10 51 8926
10 52 2595
10 53 4819
10 54 5792
10 55 9178
10 56 9768
10 57 4720
10 58 5534
10 59 9018
10 60 8232
10 61 9558
10 62 1744
10 63 5871
10 64 9520
10 65 5355
10 66 2830
10 67 2706
10 68 2889
10 69 2224
10 70 9427
10 71 6404
10 72 6235
10 73 7729
10 74 5698
10 75 9734
10 76 2005
10 77 4523
10 78 4974
10 79 5452
10 80 4169
10 81 8750
10 82 5662
10 83 3548
10 84 7452
10 85 1728
10 86 2206
10 87 7924
10 88 2687
10 89 1045
10 90 6284
10 91 5341
10 92 9340
10 93 1311
10 94 4655
10 95 9325
10 96 1351
10 97 5437
10 98 1172
10 99 2611
11 12 7542
11 13 8207
11 14 102
11 15 164
11 16 2178
11 17 2015
11 18 4202
11 19 7393
11 20 20
11 21 5261
11 22 4065
11 23 668
11 24 9924
11 25 7019
11 26 5379
11 27 2816
11 28 3060
11 29 2448
11 30 2937
11 31 2767
11 32 313
11 33 7863
11 34 6140
11 35 474
11 36 7403
11 37 4453
11 38 4459
11 39 9631
11 40 6315
11 41 7700
11 42 6627
11 43 3417
11 44 6158
11 45 1922
11 46 4341
11 47 7064
11 48 8775
11 49 1968
11 50 8483
11 51 8651
11 52 9816
11 53 7665
11 54 2584
11 55 6710
11 56 4456
11 57 9157
11 58 4190
11 59 6886
11 60 8147
11 61 4386
11 62 801
11 63 4837
11 64 8255
11 65 465
11 66 6283
11 67 7556
11 68 111
11 69 3340
11 70 2971
11 71 8018
11 72 7152
11 73 2796
11 74 313
11 75 4318
11 76 5444
11 77 9875
11 78 4565
11 79 9339
11 80 3508
11 81 3564
11 82 197
11 83 8260
11 84 5390
11 85 9092
11 86 1806
11 87 4636
11 88 3388
11 89 5819
11 90 9172
11 91 6274
11 92 2760
11 93 3082
11 94 4290
11 95 6462
11 96 7040
11 97 5281
11 98 4337
11 99 8881
12 13 7771
12 14 6579
12 15 366
12 16 9204
12 17 3139
12 18 2355
12 19 8518
12 20 6735
12 21 5601
12 22 5179
12 23 1238
12 24 3858
12 25 440
12 26 8836
12 27 3294
12 28 9170
12 29 6889
12 30 5426
12 31 9899
12 32 3427
12 33 6652
12 34 1387
12 35 9676
12 36 9720
12 37 7627
12 38 3661
12 39 1070
12 40 4808
12 41 7912
12 42 9007
12 43 8764
12 44 1955
12 45 5084
12 46 6026
12 47 3947
12 48 6160
12 49 4088
12 50 9122
12 51 1377
12 52 8327
12 53 7080
12 54 9770
12 55 2383
12 56 5030
12 57 5434
12 58 1852
12 59 8948
12 60 9744
12 61 4588
12 62 3936
12 63 5387
12 64 6890
12 65 229
12 66 4098
12 67 3687
12 68 3694
12 69 8406
12 70 2437
12 71 2935
12 72 8738
12 73 7027
12 74 1013
12 75 7723
12 76 8102
12 77 6665
12 78 9308
12 79 9069
12 80 2810
12 81 3312
12 82 4253
12 83 7052
12 84 4119
12 85 1838
12 86 3182
12 87 3715
12 88 5857
12 89 413
12 90 2960
12 91 5696
12 92 3976
12 93 5509
12 94 3370
12 95 8331
12 96 492
12 97 2688
12 98 3575
12 99 2015
13 14 6120
13 15 7963
13 16 6884
13 17 4680
13 18 9361
13 19 8613
13 20 1258
13 21 9921
13 22 6612
13 23 854
13 24 371
13 25 8588
13 26 7704
13 27 4425
13 28 442
13 29 5517
13 30 8729
13 31 3066
13 32 4549
13 33 6770
13 34 5699
13 35 382
13 36 1205
13 37 999
13 38 549
13 39 5678
13 40 3534
13 41 4875
13 42 432
13 43 1154
13 44 9184
13 45 4206
13 46 8667
13 47 3945
13 48 2237
13 49 9540
13 50 856
13 51 5521
13 52 5027
13 53 7402
13 54 3269
13 55 3454
13 56 6187
13 57 631
13 58 1940
13 59 8707
13 60 3399
13 61 5025
13 62 6322
13 63 6331
13 64 9155
13 65 1211
13 66 6898
13 67 8320
13 68 3023
13 69 5508
13 70 7957
13 71 7704
13 72 1646
13 73 6490
13 74 2206
13 75 3158
13 76 6502
13 77 298
13 78 7674
13 79 6923
13 80 9458
13 81 5404
13 82 5402
13 83 9280
13 84 6189
13 85 9473
13 86 1363
13 87 4293
13 88 5398
13 89 4212
13 90 6453
13 91 2937
13 92 8513
13 93 2723
13 94 4322
13 95 1817
13 96 4683
13 97 5265
13 98 7936
13 99 3337
14 15 4100
14 16 328
14 17 6465
14 18 1467
14 19 4421
14 20 6043
14 21 5297
14 22 3342
14 23 6744
14 24 9083
14 25 614
14 26 9645
14 27 3547
14 28 5799
14 29 733
14 30 4547
14 31 2633
14 32 9213
14 33 7226
14 34 6113
14 35 3599
14 36 4396
14 37 8989
14 38 3239
14 39 4597
14 40 3938
14 41 9533
14 42 7367
14 43 8735
14 44 8752
14 45 1485
14 46 4240
14 47 48
14 48 2217
14 49 4537
14 50 9461
14 51 5280
14 52 3563
14 53 9649
14 54 6425
14 55 1066
14 56 5347
14 57 6697
14 58 9172
14 59 8557
14 60 7322
14 61 373
14 62 8511
14 63 5293
14 64 7172
14 65 707
14 66 8302
14 67 1943
14 68 7578
14 69 1006
14 70 8181
14 71 8365
14 72 1176
14 73 3397
14 74 1219
14 75 5243
14 76 5552
14 77 3920
14 78 6712
14 79 850
14 80 2433
14 81 1510
14 82 4331
14 83 2749
14 84 5098
14 85 2266
14 86 1444
14 87 6951
14 88 581
14 89 9949
14 90 3016
14 91 3955
14 92 7648
14 93 875
14 94 2104
14 95 8660
14 96 2888
14 97 6273
14 98 9861
14 99 9780
15 16 480
15 17 6510
15 18 3817
15 19 8742
15 20 1017
15 21 8849
15 22 110
15 23 6823
15 24 7602
15 25 6140
15 26 4816
15 27 4433
15 28 445
15 29 6021
15 30 6926
15 31 3484
15 32 1775
15 33 5782
15 34 6938
15 35 5026
15 36 7810
15 37 4093
15 38 6635
15 39 6474
15 40 7305
15 41 3124
15 42 5390
15 43 842
15 44 745
15 45 6346
15 46 7045
15 47 4512
15 48 303
15 49 8918
15 50 8765
15 51 3361
15 52 7517
15 53 8229
15 54 7382
15 55 353
15 56 7852
15 57 187
15 58 6428
15 59 7133
15 60 4831
15 61 388
15 62 5773
15 63 6259
15 64 9409
15 65 8840
15 66 7438
15 67 263
15 68 1337
15 69 8426
15 70 7345
15 71 6219
15 72 4075
15 73 3812
15 74 8126
15 75 9112
15 76 3446
15 77 5655
15 78 5171
15 79 7953
15 80 4624
15 81 8652
15 82 9527
15 83 7112
15 84 3929
15 85 289
15 86 6711
15 87 881
15 88 5046
15 89 2008
15 90 9854
15 91 56
15 92 6634
15 93 3904
15 94 4130
15 95 2898
15 96 8817
15 97 1368
15 98 7735
15 99 5170
16 17 1609
16 18 6667
16 19 8541
16 20 5052
16 21 9992
16 22 7948
16 23 6760
16 24 7103
16 25 1773
16 26 4398
16 27 9181
16 28 7154
16 29 1413
16 30 6831
16 31 6907
16 32 6805
16 33 4273
16 34 3217
16 35 5698
16 36 2923
16 37 7904
16 38 2003
16 39 9311
16 40 9273
16 41 5166
16 42 2078
16 43 9363
16 44 822
16 45 2147
16 46 9361
16 47 6705
16 48 1910
16 49 915
16 50 5165
16 51 8934
16 52 7173
16 53 7304
16 54 8509
16 55 5432
16 56 161
16 57 3040
16 58 8423
16 59 5011
16 60 6718
16 61 3526
16 62 5811
16 63 5159
16 64 3626
16 65 6845
16 66 3885
16 67 4182
16 68 5817
16 69 2659
16 70 7781
16 71 3593
16 72 8219
16 73 9353
16 74 1973
16 75 9964
16 76 7675
16 77 5970
16 78 2407
16 79 3644
16 80 3556
16 81 8948
16 82 5358
16 83 6502
16 84 4704
16 85 9362
16 86 1016
16 87 7311
16 88 3483
16 89 2140
16 90 7859
16 91 2152
16 92 3071
16 93 8037
16 94 1637
16 95 4806
16 96 3661
16 97 8040
16 98 5151
16 99 1366
17 18 692
17 19 9851
17 20 7355
17 21 1476
17 22 3393
17 23 6522
17 24 5909
17 25 7736
17 26 3111
17 27 5860
17 28 4583
17 29 7594
17 30 6121
17 31 3966
17 32 6723
17 33 4793
17 34 6520
17 35 2690
17 36 4475
17 37 539
17 38 7985
17 39 1130
17 40 657
17 41 5820
17 42 1971
17 43 5941
17 44 1949
17 45 3196
17 46 3443
17 47 3133
17 48 9205
17 49 7228
17 50 3780
17 51 7674
17 52 7214
17 53 7412
17 54 878
17 55 4686
17 56 983
17 57 7496
17 58 3930
17 59 6749
17 60 9748
17 61 4120
17 62 2201
17 63 9498
17 64 7491
17 65 4885
17 66 9728
17 67 126
17 68 2292
17 69 6519
17 70 8082
17 71 5776
17 72 8362
17 73 8462
17 74 6781
17 75 2582
17 76 1946
17 77 8978
17 78 7169
17 79 8149
17 80 7139
17 81 5865
17 82 4479
17 83 8273
17 84 7904
17 85 9731
17 86 4360
17 87 7846
17 88 6858
17 89 5054
17 90 2305
17 91 4760
17 92 9466
17 93 6385
17 94 383
17 95 2476
17 96 3230
17 97 4603
17 98 8208
17 99 5405
18 19 6084
18 20 530
18 21 7988
18 22 1375
18 23 7638
18 24 6552
18 25 1435
18 26 6106
18 27 5014
18 28 5731
18 29 2744
18 30 311
18 31 3874
18 32 3970
18 33 7251
18 34 6899
18 35 2123
18 36 935
18 37 284
18 38 6749
18 39 8767
18 40 5950
18 41 6670
18 42 1093
18 43 2385
18 44 9525
18 45 880
18 46 2326
18 47 7732
18 48 7121
18 49 5590
18 50 7328
18 51 5361
18 52 5442
18 53 5314
18 54 4962
18 55 4828
18 56 5105
18 57 6219
18 58 9808
18 59 2291
18 60 5975
18 61 2324
18 62 8720
18 63 7883
18 64 2959
18 65 7131
18 66 6990
18 67 670
18 68 2176
18 69 6936
18 70 3415
18 71 6748
18 72 5039
18 73 975
18 74 7349
18 75 3673
18 76 8297
18 77 8558
18 78 7582
18 79 4233
18 80 7086
18 81 6884
18 82 9224
18 83 421
18 84 6965
18 85 3758
18 86 3069
18 87 8701
18 88 8136
18 89 2735
18 90 1470
18 91 7960
18 92 662
18 93 8654
18 94 1918
18 95 8246
18 96 7694
18 97 8274
18 98 6661
18 99 8085
19 20 9833
19 21 9219
19 22 4279
19 23 4736
19 24 9619
19 25 2368
19 26 9592
19 27 7963
19 28 5783
19 29 5220
19 30 5914
19 31 2970
19 32 8292
19 33 8403
19 34 9508
19 35 4835
19 36 8507
19 37 3269
19 38 9330
19 39 9802
19 40 8534
19 41 1958
19 42 8324
19 43 736
19 44 839
19 45 7478
19 46 1920
19 47 7654
19 48 8941
19 49 4402
19 50 9038
19 51 6581
19 52 2760
19 53 5280
19 54 8415
19 55 4609
19 56 3886
19 57 386
19 58 6210
19 59 3258
19 60 7856
19 61 8641
19 62 461
19 63 8434
19 64 5842
19 65 1014
19 66 6444
19 67 9928
19 68 8722
19 69 6547
19 70 1994
19 71 6827
19 72 2008
19 73 1159
19 74 3796
19 75 5935
19 76 5172
19 77 6773
19 78 9405
19 79 5920
19 80 6858
19 81 8205
19 82 1417
19 83 1521
19 84 8712
19 85 4589
19 86 6186
19 87 7895
19 88 1098
19 89 7628
19 90 1344
19 91 4975
19 92 4890
19 93 7590
19 94 2491
19 95 710
19 96 8521
19 97 2468
19 98 6969
19 99 5741
20 21 6195
20 22 6747
20 23 4241
20 24 856
20 25 1093
20 26 5176
20 27 9177
20 28 6495
20 29 7323
20 30 2472
20 31 5243
20 32 9795
20 33 7036
20 34 8246
20 35 1347
20 36 9705
20 37 91
20 38 845
20 39 5047
20 40 2535
20 41 757
20 42 9109
20 43 3515
20 44 292
20 45 2971
20 46 8723
20 47 1707
20 48 6657
20 49 7841
20 50 8152
20 51 5411
20 52 2775
20 53 1750
20 54 7496
20 55 2262
20 56 4562
20 57 6365
20 58 2432
20 59 807
20 60 6954
20 61 4824
20 62 5863
20 63 2723
20 64 4182
20 65 3419
20 66 6435
20 67 7514
20 68 3824
20 69 2608
20 70 794
20 71 2772
20 72 6712
20 73 884
20 74 4400
20 75 9302
20 76 5019
20 77 7751
20 78 7606
20 79 5686
20 80 380
20 81 3670
20 82 5931
20 83 6365
20 84 3117
20 85 5565
20 86 1301
20 87 1779
20 88 5164
20 89 5434
20 90 5140
20 91 1350
20 92 886
20 93 9685
20 94 2387
20 95 1053
20 96 3162
20 97 8409
20 98 3505
20 99 4938
21 22 6516
21 23 767
21 24 2494
21 25 8350
21 26 4637
21 27 9006
21 28 9347
21 29 4594
21 30 6662
21 31 12
21 32 6392
21 33 7824
21 34 2009
21 35 2079
21 36 6986
21 37 8362
21 38 4984
21 39 2203
21 40 3504
21 41 8346
21 42 5638
21 43 5048
21 44 9031
21 45 7418
21 46 9019
21 47 8846
21 48 8849
21 49 8669
21 50 2986
21 51 7918
21 52 246
21 53 6582
21 54 9111
21 55 600
21 56 3496
21 57 6702
21 58 1439
21 59 2815
21 60 3242
21 61 2086
21 62 6826
21 63 1018
21 64 8249
21 65 209
21 66 765
21 67 2588
21 68 4558
21 69 9097
21 70 8387
21 71 6637
21 72 8270
21 73 6
21 74 9563
21 75 2543
21 76 7817
21 77 9933
21 78 4797
21 79 7695
21 80 120
21 81 1151
21 82 2571
21 83 1612
21 84 6266
21 85 3624
21 86 4578
21 87 3765
21 88 1954
21 89 4689
21 90 9234
21 91 6196
21 92 6301
21 93 6448
21 94 7876
21 95 744
21 96 8300
21 97 7258
21 98 2172
21 99 2537
22 23 7083
22 24 4239
22 25 1964
22 26 4228
22 27 1790
22 28 133
22 29 4812
22 30 4151
22 31 6865
22 32 5464
22 33 5501
22 34 1381
22 35 6464
22 36 6711
22 37 7618
22 38 9404
22 39 9871
22 40 7970
22 41 9497
22 42 8600
22 43 8166
22 44 4214
22 45 878
22 46 4676
22 47 3400
22 48 2629
22 49 2288
22 50 5304
22 51 793
22 52 6167
22 53 7280
22 54 137
22 55 7559
22 56 4920
22 57 1335
22 58 116
22 59 2857
22 60 9795
22 61 2871
22 62 792
22 63 6391
22 64 2413
22 65 4197
22 66 8551
22 67 7807
22 68 8511
22 69 9653
22 70 3757
22 71 3375
22 72 3067
22 73 4369
22 74 6142
22 75 1781
22 76 1542
22 77 7115
22 78 5615
22 79 8368
22 80 2291
22 81 2606
22 82 2882
22 83 1958
22 84 3320
22 85 6665
22 86 8345
22 87 9130
22 88 5160
22 89 3654
22 90 3084
22 91 4342
22 92 2888
22 93 8513
22 94 9390
22 95 9911
22 96 4405
22 97 1097
22 98 2279
22 99 6342
23 24 486
23 25 5979
23 26 4223
23 27 2528
23 28 2171
23 29 6993
23 30 3223
23 31 2952
23 32 7154
23 33 7089
23 34 9339
23 35 3126
23 36 8506
23 37 390
23 38 3775
23 39 7921
23 40 7891
23 41 869
23 42 7921
23 43 9861
23 44 4351
23 45 3820
23 46 2385
23 47 302
23 48 4778
23 49 9012
23 50 4182
23 51 619
23 52 6522
23 53 4080
23 54 8551
23 55 8517
23 56 8665
23 57 3753
23 58 8413
23 59 7264
23 60 7272
23 61 3616
23 62 183
23 63 3553
23 64 8206
23 65 598
23 66 5391
23 67 2302
23 68 3033
23 69 9152
23 70 8145
23 71 1794
23 72 9254
23 73 5115
23 74 5022
23 75 8203
23 76 244
23 77 7220
23 78 2777
23 79 3455
23 80 5566
23 81 4852
23 82 3290
23 83 3277
23 84 5337
23 85 1814
23 86 492
23 87 4835
23 88 9297
23 89 5970
23 90 4578
23 91 6547
23 92 4976
23 93 2114
23 94 6615
23 95 2741
23 96 9294
23 97 6386
23 98 212
23 99 8652
24 25 3220
24 26 8327
24 27 8829
24 28 130
24 29 9998
24 30 2105
24 31 3983
24 32 1260
24 33 7350
24 34 5448
24 35 8127
24 36 780
24 37 3751
24 38 2266
24 39 6031
24 40 3052
24 41 3102
24 42 6415
24 43 2124
24 44 1922
24 45 659
24 46 5302
24 47 4392
24 48 6785
24 49 5684
24 50 290
24 51 1515
24 52 4535
24 53 1117
24 54 966
24 55 8766
24 56 5624
24 57 2624
24 58 2537
24 59 6414
24 60 7271
24 61 9115
24 62 3739
24 63 4367
24 64 5002
24 65 2449
24 66 407
24 67 4189
24 68 4963
24 69 6574
24 70 1064
24 71 8752
24 72 203
24 73 4346
24 74 2885
24 75 4164
24 76 8377
24 77 8258
24 78 7947
24 79 8185
24 80 1451
24 81 738
24 82 7647
24 83 1160
24 84 2974
24 85 8245
24 86 3346
24 87 338
24 88 4968
24 89 149
24 90 8215
24 91 5618
24 92 6986
24 93 2685
24 94 4245
24 95 3325
24 96 5117
24 97 5117
24 98 3317
24 99 8592
25 26 5295
25 27 4311
25 28 4857
25 29 974
25 30 2615
25 31 8672
25 32 5134
25 33 4736
25 34 5840
25 35 9755
25 36 5509
25 37 3051
25 38 1098
25 39 1350
25 40 7986
25 41 7428
25 42 8291
25 43 9471
25 44 1985
25 45 6720
25 46 6206
25 47 9421
25 48 6154
25 49 4812
25 50 9564
25 51 8216
25 52 1937
25 53 6643
25 54 3592
25 55 5061
25 56 6075
25 57 8353
25 58 1173
25 59 5583
25 60 717
25 61 8620
25 62 3843
25 63 5703
25 64 7370
25 65 6981
25 66 2928
25 67 5231
25 68 703
25 69 2527
25 70 8543
25 71 5661
25 72 1885
25 73 5393
25 74 5205
25 75 198
25 76 5099
25 77 4332
25 78 6846
25 79 5997
25 80 8567
25 81 9451
25 82 604
25 83 880
25 84 2097
25 85 3912
25 86 8540
25 87 7383
25 88 9656
25 89 8167
25 90 2681
25 91 8260
25 92 2
25 93 3335
25 94 8184
25 95 3506
25 96 9194
25 97 2673
25 98 928
25 99 9234
26 27 7974
26 28 4693
26 29 7544
26 30 5546
26 31 397
26 32 6828
26 33 275
26 34 6359
26 35 5824
26 36 7308
26 37 9174
26 38 7272
26 39 8332
26 40 6445
26 41 6301
26 42 5678
26 43 6395
26 44 8060
26 45 5916
26 46 2787
26 47 3172
26 48 4863
26 49 4679
26 50 8782
26 51 9678
26 52 6484
26 53 7788
26 54 1647
26 55 6798
26 56 3000
26 57 8696
26 58 911
26 59 6937
26 60 6095
26 61 4879
26 62 5646
26 63 4690
26 64 7807
26 65 100
26 66 6623
26 67 6402
26 68 4363
26 69 1130
26 70 3765
26 71 7160
26 72 4030
26 73 1258
26 74 8052
26 75 8892
26 76 2122
26 77 4935
26 78 607
26 79 3182
26 80 3603
26 81 7979
26 82 9803
26 83 2150
26 84 2528
26 85 4023
26 86 6045
26 87 1596
26 88 7159
26 89 279
26 90 30
26 91 116
26 92 7180
26 93 1529
26 94 4477
26 95 9181
26 96 8865
26 97 3703
26 98 6777
26 99 2679
27 28 7175
27 29 6034
27 30 8738
27 31 5916
27 32 4211
27 33 5934
27 34 7711
27 35 4620
27 36 5785
27 37 6526
27 38 7926
27 39 9439
27 40 2198
27 41 3240
27 42 8916
27 43 5091
27 44 5077
27 45 3548
27 46 6524
27 47 2153
27 48 3716
27 49 6918
27 50 6667
27 51 7025
27 52 9337
27 53 2449
27 54 3587
27 55 3466
27 56 3968
27 57 6965
27 58 1112
27 59 5181
27 60 7167
27 61 8242
27 62 2303
27 63 2755
27 64 525
27 65 6844
27 66 454
27 67 1347
27 68 6960
27 69 1903
27 70 7311
27 71 455
27 72 7870
27 73 5017
27 74 4258
27 75 7623
27 76 3023
27 77 4182
27 78 4542
27 79 7473
27 80 2377
27 81 4117
27 82 5851
27 83 1799
27 84 5729
27 85 4432
27 86 7797
27 87 906
27 88 7938
27 89 9322
27 90 7548
27 91 2663
27 92 8724
27 93 4643
27 94 7100
27 95 23
27 96 2744
27 97 476
27 98 3053
27 99 5268
28 29 5460
28 30 9153
28 31 9769
28 32 2300
28 33 6966
28 34 6728
28 35 6886
28 36 4060
28 37 6217
28 38 1396
28 39 9740
28 40 473
28 41 5481
28 42 3667
28 43 1811
28 44 330
28 45 9190
28 46 3198
28 47 5161
28 48 2471
28 49 3832
28 50 3004
28 51 4917
28 52 2853
28 53 7246
28 54 6415
28 55 7976
28 56 481
28 57 6498
28 58 3845
28 59 6713
28 60 9626
28 61 9722
28 62 1654
28 63 1560
28 64 569
28 65 6451
28 66 6819
28 67 159
28 68 4109
28 69 4976
28 70 4315
28 71 4441
28 72 2076
28 73 5239
28 74 6762
28 75 3820
28 76 3554
28 77 8983
28 78 2357
28 79 8409
28 80 3690
28 81 2673
28 82 7005
28 83 1673
28 84 2781
28 85 4893
28 86 2647
28 87 7046
28 88 6454
28 89 8678
28 90 4501
28 91 6120
28 92 4948
28 93 1591
28 94 6118
28 95 3063
28 96 6272
28 97 6801
28 98 5833
28 99 2753
29 30 4698
29 31 1158
29 32 5566
29 33 7860
29 34 1145
29 35 2700
29 36 8401
29 37 7097
29 38 8676
29 39 3184
29 40 3315
29 41 2443
29 42 4878
29 43 755
29 44 9984
29 45 491
29 46 9244
29 47 8116
29 48 8878
29 49 121
29 50 4386
29 51 3189
29 52 964
29 53 8620
29 54 866
29 55 6114
29 56 904
29 57 5506
29 58 7376
29 59 7820
29 60 1602
29 61 4473
29 62 6821
29 63 1226
29 64 9763
29 65 514
29 66 8550
29 67 1458
29 68 8653
29 69 6092
29 70 407
29 71 5912
29 72 6402
29 73 9373
29 74 6657
29 75 3869
29 76 1878
29 77 2145
29 78 6450
29 79 1398
29 80 7328
29 81 4385
29 82 240
29 83 4191
29 84 8360
29 85 2755
29 86 3808
29 87 8660
29 88 5838
29 89 4814
29 90 5318
29 91 6170
29 92 2347
29 93 3267
29 94 4959
29 95 1325
29 96 4525
29 97 1776
29 98 7603
29 99 7091
30 31 7355
30 32 8440
30 33 2114
30 34 10
30 35 9946
30 36 8080
30 37 6547
30 38 7191
30 39 845
30 40 2878
30 41 2621
30 42 373
30 43 4263
30 44 292
30 45 2559
30 46 5028
30 47 6825
30 48 1094
30 49 2697
30 50 7612
30 51 9829
30 52 7914
30 53 7042
30 54 5486
30 55 3424
30 56 4630
30 57 8299
30 58 3035
30 59 7444
30 60 5734
30 61 5200
30 62 8896
30 63 6167
30 64 3413
30 65 7918
30 66 2316
30 67 5138
30 68 3052
30 69 443
30 70 3446
30 71 9844
30 72 3702
30 73 3908
30 74 7188
30 75 360
30 76 1126
30 77 5572
30 78 8640
30 79 8228
30 80 3445
30 81 6657
30 82 8877
30 83 9545
30 84 8061
30 85 7618
30 86 3992
30 87 9323
30 88 2542
30 89 4796
30 90 2742
30 91 3745
30 92 417
30 93 3744
30 94 355
30 95 4032
30 96 1525
30 97 2505
30 98 1695
30 99 5333
31 32 978
31 33 697
31 34 5147
31 35 317
31 36 7265
31 37 5748
31 38 7794
31 39 2408
31 40 6029
31 41 4050
31 42 1364
31 43 3826
31 44 7930
31 45 302
31 46 8103
31 47 6331
31 48 6746
31 49 4144
31 50 4253
31 51 7385
31 52 49
31 53 1329
31 54 9300
31 55 6847
31 56 6166
31 57 6721
31 58 6210
31 59 3525
31 60 4816
31 61 7941
31 62 112
31 63 1723
31 64 4583
31 65 4390
31 66 5684
31 67 9137
31 68 5421
31 69 4237
31 70 400
31 71 720
31 72 8057
31 73 7344
31 74 5006
31 75 8950
31 76 792
31 77 6104
31 78 4233
31 79 5980
31 80 4539
31 81 8900
31 82 4967
31 83 2013
31 84 8563
31 85 1168
31 86 9746
31 87 2484
31 88 4387
31 89 8448
31 90 5935
31 91 2290
31 92 9025
31 93 2668
31 94 4763
31 95 2993
31 96 2988
31 97 9499
31 98 3505
31 99 5650
32 33 3397
32 34 4090
32 35 8426
32 36 5742
32 37 1942
32 38 2942
32 39 7916
32 40 2659
32 41 8594
32 42 8883
32 43 1264
32 44 450
32 45 9554
32 46 2296
32 47 986
32 48 7763
32 49 5020
32 50 9085
32 51 9961
32 52 1524
32 53 4521
32 54 6050
32 55 6895
32 56 7959
32 57 7315
32 58 8942
32 59 2166
32 60 7169
32 61 6925
32 62 2655
32 63 5772
32 64 8866
32 65 7966
32 66 2762
32 67 7638
32 68 8286
32 69 3725
32 70 8292
32 71 1796
32 72 6280
32 73 600
32 74 2763
32 75 2611
32 76 7014
32 77 5635
32 78 3754
32 79 4336
32 80 9767
32 81 7463
32 82 6495
32 83 5098
32 84 4909
32 85 428
32 86 3080
32 87 3590
32 88 2494
32 89 3761
32 90 8120
32 91 7929
32 92 6916
32 93 9568
32 94 1501
32 95 2637
32 96 9327
32 97 8760
32 98 9273
32 99 1067
33 34 4661
33 35 9203
33 36 2925
33 37 9727
33 38 5661
33 39 8572
33 40 2202
33 41 357
33 42 973
33 43 7731
33 44 3894
33 45 4612
33 46 3830
33 47 1813
33 48 2136
33 49 5503
33 50 3154
33 51 1423
33 52 7478
33 53 992
33 54 3108
33 55 8950
33 56 2587
33 57 1824
33 58 3816
33 59 377
33 60 2657
33 61 1848
33 62 3140
33 63 2450
33 64 5838
33 65 6852
33 66 7037
33 67 2774
33 68 7689
33 69 470
33 70 6166
33 71 8001
33 72 6920
33 73 4999
33 74 2157
33 75 3739
33 76 9373
33 77 8431
33 78 9997
33 79 8062
33 80 7827
33 81 5885
33 82 4884
33 83 1384
33 84 1374
33 85 9061
33 86 5604
33 87 1236
33 88 1890
33 89 5350
33 90 6559
33 91 7818
33 92 3859
33 93 131
33 94 8138
33 95 3689
33 96 8633
33 97 4285
33 98 9934
33 99 5157
34 35 7762
34 36 1702
34 37 2335
34 38 640
34 39 7254
34 40 1065
34 41 5651
34 42 5593
34 43 523
34 44 3198
34 45 3121
34 46 3983
34 47 1378
34 48 1697
34 49 1796
34 50 805
34 51 2559
34 52 7735
34 53 4330
34 54 4022
34 55 5281
34 56 3519
34 57 9217
34 58 4439
34 59 6184
34 60 386
34 61 8930
34 62 9325
34 63 2821
34 64 8273
34 65 593
34 66 96
34 67 7745
34 68 5621
34 69 8431
34 70 4148
34 71 2038
34 72 7022
34 73 6887
34 74 7959
34 75 8097
34 76 8447
34 77 6100
34 78 770
34 79 4900
34 80 5680
34 81 421
34 82 6479
34 83 5424
34 84 6198
34 85 398
34 86 1685
34 87 2591
34 88 278
34 89 4127
34 90 7509
34 91 8052
34 92 5849
34 93 7633
34 94 3883
34 95 8177
34 96 7444
34 97 7115
34 98 5485
34 99 6246
35 36 8227
35 37 9275
35 38 4387
35 39 5107
35 40 8345
35 41 4382
35 42 2235
35 43 2934
35 44 6059
35 45 5961
35 46 6911
35 47 1140
35 48 8528
35 49 9820
35 50 4860
35 51 5424
35 52 5767
35 53 4872
35 54 6043
35 55 8884
35 56 5728
35 57 8520
35 58 3407
35 59 9360
35 60 5215
35 61 8504
35 62 9188
35 63 2541
35 64 3852
35 65 7417
35 66 9523
35 67 8675
35 68 6166
35 69 6679
35 70 5769
35 71 9680
35 72 4876
35 73 5231
35 74 8060
35 75 6033
35 76 69
35 77 3015
35 78 6762
35 79 5574
35 80 9537
35 81 4217
35 82 276
35 83 6632
35 84 3607
35 85 1131
35 86 3207
35 87 190
35 88 9472
35 89 2900
35 90 6602
35 91 6151
35 92 3910
35 93 6294
35 94 9096
35 95 4948
35 96 9200
35 97 5867
35 98 5905
35 99 1260
36 37 8395
36 38 4612
36 39 941
36 40 2830
36 41 7922
36 42 3527
36 43 2628
36 44 1224
36 45 2643
36 46 9187
36 47 3427
36 48 3536
36 49 324
36 50 585
36 51 9958
36 52 2894
36 53 5854
36 54 9627
36 55 4671
36 56 4508
36 57 6688
36 58 8545
36 59 2146
36 60 7236
36 61 2194
36 62 5013
36 63 8113
36 64 4450
36 65 1360
36 66 4513
36 67 7226
36 68 5053
36 69 1229
36 70 9096
36 71 8100
36 72 7949
36 73 7519
36 74 5685
36 75 5942
36 76 9840
36 77 9831
36 78 1488
36 79 6546
36 80 7615
36 81 3181
36 82 1726
36 83 1343
36 84 5550
36 85 9205
36 86 7806
36 87 1163
36 88 2344
36 89 9350
36 90 8944
36 91 4649
36 92 3630
36 93 4320
36 94 8857
36 95 1472
36 96 3519
36 97 8269
36 98 8856
36 99 6803
37 38 9075
37 39 3558
37 40 6197
37 41 6854
37 42 8861
37 43 949
37 44 8802
37 45 5433
37 46 9913
37 47 3042
37 48 5188
37 49 1079
37 50 2064
37 51 502
37 52 5787
37 53 7552
37 54 7897
37 55 9509
37 56 1774
37 57 4822
37 58 184
37 59 2668
37 60 6919
37 61 9059
37 62 5940
37 63 7519
37 64 2487
37 65 4488
37 66 5784
37 67 8123
37 68 3878
37 69 4360
37 70 1392
37 71 922
37 72 2169
37 73 269
37 74 6627
37 75 8050
37 76 8752
37 77 1376
37 78 4050
37 79 1406
37 80 379
37 81 5250
37 82 6995
37 83 2094
37 84 5080
37 85 9922
37 86 5308
37 87 4629
37 88 3111
37 89 2732
37 90 9400
37 91 502
37 92 2082
37 93 3292
37 94 6610
37 95 5636
37 96 6952
37 97 8879
37 98 4905
37 99 5505
38 39 9004
38 40 4669
38 41 5311
38 42 5993
38 43 1256
38 44 9074
38 45 1953
38 46 4701
38 47 7982
38 48 8720
38 49 6109
38 50 4441
38 51 1641
38 52 3818
38 53 226
38 54 1818
38 55 3983
38 56 6750
38 57 2394
38 58 7653
38 59 6479
38 60 1788
38 61 5925
38 62 4982
38 63 517
38 64 9655
38 65 5822
38 66 6191
38 67 2198
38 68 4418
38 69 6534
38 70 8988
38 71 3941
38 72 4860
38 73 193
38 74 2014
38 75 6522
38 76 1069
38 77 642
38 78 7906
38 79 6502
38 80 3199
38 81 8494
38 82 4743
38 83 3929
38 84 5175
38 85 4045
38 86 1368
38 87 3226
38 88 2333
38 89 6645
38 90 4952
38 91 5380
38 92 5939
38 93 9455
38 94 4552
38 95 8151
38 96 1263
38 97 9751
38 98 7088
38 99 5485
39 40 5463
39 41 4304
39 42 5038
39 43 1731
39 44 8467
39 45 4329
39 46 3072
39 47 8583
39 48 2865
39 49 6744
39 50 2906
39 51 1702
39 52 1126
39 53 6897
39 54 2525
39 55 8479
39 56 8829
39 57 6865
39 58 2600
39 59 5893
39 60 7985
39 61 8392
39 62 4961
39 63 457
39 64 3414
39 65 6928
39 66 7966
39 67 9659
39 68 1664
39 69 6950
39 70 2312
39 71 7947
39 72 7596
39 73 9337
39 74 3518
39 75 1098
39 76 9899
39 77 280
39 78 3684
39 79 2701
39 80 5642
39 81 9678
39 82 9608
39 83 4520
39 84 2536
39 85 127
39 86 1903
39 87 892
39 88 5032
39 89 5683
39 90 6618
39 91 8002
39 92 2001
39 93 491
39 94 5548
39 95 237
39 96 5894
39 97 6947
39 98 4618
39 99 4864
40 41 9535
40 42 4265
40 43 6161
40 44 4632
40 45 8527
40 46 8433
40 47 8806
40 48 6230
40 49 5773
40 50 7975
40 51 6306
40 52 2236
40 53 2085
40 54 7329
40 55 135
40 56 5414
40 57 7440
40 58 2664
40 59 1121
40 60 1663
40 61 3547
40 62 7598
40 63 9966
40 64 6374
40 65 4211
40 66 2118
40 67 7783
40 68 6447
40 69 7638
40 70 3483
40 71 2631
40 72 3132
40 73 4781
40 74 3004
40 75 7287
40 76 9533
40 77 9940
40 78 2862
40 79 3511
40 80 7049
40 81 9990
40 82 9513
40 83 9139
40 84 9958
40 85 132
40 86 1728
40 87 3114
40 88 6213
40 89 8253
40 90 1991
40 91 4652
40 92 7840
40 93 8639
40 94 2850
40 95 1917
40 96 9268
40 97 8798
40 98 6265
40 99 6911
41 42 9631
41 43 5222
41 44 2917
41 45 4542
41 46 3088
41 47 7650
41 48 7592
41 49 8682
41 50 9028
41 51 8278
41 52 8559
41 53 5903
41 54 9230
41 55 6366
41 56 3893
41 57 1409
41 58 3597
41 59 8249
41 60 1304
41 61 7470
41 62 1104
41 63 6632
41 64 5655
41 65 1491
41 66 5474
41 67 3832
41 68 7160
41 69 6981
41 70 3142
41 71 5845
41 72 4092
41 73 4601
41 74 5096
41 75 7038
41 76 2990
41 77 7028
41 78 2179
41 79 1912
41 80 6059
41 81 73
41 82 500
41 83 4031
41 84 8689
41 85 5456
41 86 7609
41 87 3685
41 88 1264
41 89 6984
41 90 270
41 91 7088
41 92 1240
41 93 8308
41 94 4300
41 95 5939
41 96 5454
41 97 5316
41 98 4454
41 99 4484
42 43 2086
42 44 8053
42 45 8021
42 46 9358
42 47 8027
42 48 3977
42 49 8868
42 50 4662
42 51 1146
42 52 3477
42 53 1492
42 54 8625
42 55 4543
42 56 4793
42 57 4121
42 58 9310
42 59 3163
42 60 4329
42 61 9668
42 62 4748
42 63 2242
42 64 8967
42 65 4085
42 66 733
42 67 3554
42 68 1584
42 69 9651
42 70 9714
42 71 1566
42 72 7939
42 73 9484
42 74 9654
42 75 5791
42 76 8566
42 77 2043
42 78 5781
42 79 6598
42 80 7569
42 81 4300
42 82 3778
42 83 7412
42 84 4745
42 85 5590
42 86 2181
42 87 6386
42 88 5610
42 89 7137
42 90 5281
42 91 9562
42 92 8531
42 93 2309
42 94 3459
42 95 1387
42 96 3596
42 97 6804
42 98 6027
42 99 8850
43 44 7392
43 45 1788
43 46 9085
43 47 5678
43 48 9798
43 49 7386
43 50 8049
43 51 5847
43 52 7859
43 53 6600
43 54 254
43 55 8654
43 56 5878
43 57 7836
43 58 1582
43 59 7884
43 60 9900
43 61 1389
43 62 9271
43 63 3197
43 64 9508
43 65 4691
43 66 6372
43 67 717
43 68 1091
43 69 7550
43 70 6914
43 71 3438
43 72 3899
43 73 3268
43 74 7181
43 75 2973
43 76 315
43 77 2361
43 78 8001
43 79 5498
43 80 5309
43 81 1523
43 82 7757
43 83 1451
43 84 6828
43 85 5341
43 86 6078
43 87 6448
43 88 9830
43 89 6519
43 90 3879
43 91 2602
43 92 7292
43 93 2654
43 94 5254
43 95 2120
43 96 266
43 97 3074
43 98 7389
43 99 963
44 45 6778
44 46 8557
44 47 5362
44 48 1827
44 49 7630
44 50 9040
44 51 6800
44 52 113
44 53 8764
44 54 1177
44 55 324
44 56 850
44 57 2780
44 58 2175
44 59 3924
44 60 373
44 61 40
44 62 4931
44 63 6316
44 64 7510
44 65 6109
44 66 6504
44 67 178
44 68 6425
44 69 7163
44 70 1819
44 71 2626
44 72 6735
44 73 3591
44 74 6635
44 75 4542
44 76 4498
44 77 822
44 78 1204
44 79 9227
44 80 5578
44 81 142
44 82 2348
44 83 7566
44 84 1195
44 85 669
44 86 4339
44 87 3463
44 88 4252
44 89 1127
44 90 7461
44 91 4457
44 92 2429
44 93 891
44 94 3814
44 95 8483
44 96 4430
44 97 8510
44 98 263
44 99 7361
45 46 1137
45 47 6499
45 48 3099
45 49 4427
45 50 7522
45 51 8135
45 52 349
45 53 7799
45 54 5564
45 55 8309
45 56 2355
45 57 3688
45 58 4494
45 59 1530
45 60 100
45 61 739
45 62 4736
45 63 6012
45 64 7372
45 65 9744
45 66 2770
45 67 4544
45 68 9384
45 69 4226
45 70 2144
45 71 826
45 72 7572
45 73 7088
45 74 7158
45 75 3439
45 76 7662
45 77 2495
45 78 2187
45 79 2292
45 80 977
45 81 8968
45 82 1744
45 83 1021
45 84 4993
45 85 915
45 86 9415
45 87 3127
45 88 837
45 89 7365
45 90 8417
45 91 2431
45 92 864
45 93 7612
45 94 8422
45 95 7534
45 96 5360
45 97 8720
45 98 3480
45 99 7686
46 47 7588
46 48 1906
46 49 2284
46 50 7734
46 51 432
46 52 4344
46 53 8592
46 54 2731
46 55 3092
46 56 4119
46 57 1057
46 58 2082
46 59 8158
46 60 3890
46 61 9713
46 62 6678
46 63 7108
46 64 9074
46 65 2845
46 66 2718
46 67 4110
46 68 154
46 69 5952
46 70 6289
46 71 1751
46 72 8084
46 73 8910
46 74 2502
46 75 29
46 76 4420
46 77 5434
46 78 5161
46 79 8469
46 80 3801
46 81 1624
46 82 5367
46 83 6904
46 84 8243
46 85 7640
46 86 9484
46 87 230
46 88 3974
46 89 7176
46 90 6127
46 91 1754
46 92 3658
46 93 6435
46 94 8892
46 95 6371
46 96 4354
46 97 5523
46 98 4269
46 99 3745
47 48 9819
47 49 4992
47 50 1583
47 51 9844
47 52 7647
47 53 6827
47 54 4964
47 55 6102
47 56 4184
47 57 2247
47 58 3447
47 59 5591
47 60 2461
47 61 2607
47 62 8723
47 63 9033
47 64 3038
47 65 8384
47 66 9861
47 67 644
47 68 6488
47 69 8884
47 70 2470
47 71 875
47 72 7824
47 73 5764
47 74 3789
47 75 9435
47 76 2950
47 77 6724
47 78 1748
47 79 2040
47 80 7144
47 81 7103
47 82 6197
47 83 3076
47 84 4479
47 85 9525
47 86 4223
47 87 7860
47 88 7806
47 89 9347
47 90 8414
47 91 4867
47 92 5023
47 93 301
47 94 2475
47 95 241
47 96 1594
47 97 1282
47 98 7234
47 99 5814
48 49 5223
48 50 9916
48 51 6965
48 52 352
48 53 3590
48 54 3831
48 55 2998
48 56 9239
48 57 9196
48 58 8621
48 59 849
48 60 9302
48 61 8313
48 62 9111
48 63 1694
48 64 3120
48 65 8342
48 66 9041
48 67 9645
48 68 4701
48 69 298
48 70 9408
48 71 545
48 72 154
48 73 3018
48 74 7920
48 75 89
48 76 5627
48 77 9155
48 78 2342
48 79 4829
48 80 4486
48 81 4819
48 82 4055
48 83 1689
48 84 9175
48 85 3082
48 86 2004
48 87 9349
48 88 4344
48 89 7822
48 90 7619
48 91 779
48 92 5428
48 93 5430
48 94 1498
48 95 6290
48 96 267
48 97 8498
48 98 7801
48 99 1391
49 50 3837
49 51 8249
49 52 5920
49 53 2637
49 54 522
49 55 6635
49 56 5288
49 57 9873
49 58 4008
49 59 9125
49 60 1784
49 61 371
49 62 5679
49 63 149
49 64 649
49 65 2076
49 66 4467
49 67 1217
49 68 8486
49 69 8958
49 70 5719
49 71 7264
49 72 2716
49 73 4640
49 74 2292
49 75 9085
49 76 8742
49 77 9099
49 78 3225
49 79 567
49 80 4603
49 81 65
49 82 9064
49 83 1554
49 84 7259
49 85 7809
49 86 5000
49 87 3529
49 88 483
49 89 3262
49 90 2856
49 91 8916
49 92 3140
49 93 6883
49 94 5026
49 95 9856
49 96 6601
49 97 8076
49 98 3883
49 99 247
50 51 8216
50 52 4644
50 53 7870
50 54 4336
50 55 3261
50 56 8607
50 57 7566
50 58 6287
50 59 5346
50 60 9085
50 61 8604
50 62 2391
50 63 2339
50 64 7584
50 65 7119
50 66 620
50 67 4333
50 68 3396
50 69 7492
50 70 7590
50 71 3279
50 72 7866
50 73 1071
50 74 4831
50 75 2274
50 76 3394
50 77 5958
50 78 1221
50 79 3755
50 80 7692
50 81 8524
50 82 5244
50 83 9935
50 84 4859
50 85 6758
50 86 5492
50 87 3350
50 88 4537
50 89 5222
50 90 9473
50 91 5811
50 92 7671
50 93 4315
50 94 845
50 95 1811
50 96 4294
50 97 5982
50 98 2310
50 99 288
51 52 2912
51 53 8839
51 54 4278
51 55 4254
51 56 377
51 57 4502
51 58 1304
51 59 9431
51 60 2910
51 61 8671
51 62 1432
51 63 1428
51 64 9086
51 65 2167
51 66 6963
51 67 7210
51 68 1565
51 69 4172
51 70 9250
51 71 4077
51 72 9700
51 73 9383
51 74 7169
51 75 1474
51 76 554
51 77 1533
51 78 3770
51 79 4794
51 80 5843
51 81 5615
51 82 1394
51 83 3240
51 84 3347
51 85 6253
51 86 1537
51 87 4637
51 88 6917
51 89 731
51 90 4379
51 91 2359
51 92 4773
51 93 5690
51 94 5725
51 95 5318
51 96 7156
51 97 6124
51 98 6046
51 99 4162
52 53 908
52 54 8331
52 55 4874
52 56 3473
52 57 6034
52 58 3191
52 59 4901
52 60 376
52 61 9718
52 62 3899
52 63 8070
52 64 7504
52 65 7830
52 66 8275
52 67 619
52 68 323
52 69 8420
52 70 5588
52 71 3064
52 72 355
52 73 4214
52 74 3011
52 75 800
52 76 1110
52 77 8021
52 78 5997
52 79 4204
52 80 9024
52 81 2219
52 82 9348
52 83 4800
52 84 717
52 85 7973
52 86 2324
52 87 9977
52 88 4838
52 89 6835
52 90 566
52 91 1774
52 92 5574
52 93 7156
52 94 1640
52 95 8878
52 96 2571
52 97 8468
52 98 9812
52 99 1037
53 54 2645
53 55 3307
53 56 5033
53 57 862
53 58 1855
53 59 5435
53 60 1073
53 61 5158
53 62 6466
53 63 6175
53 64 1725
53 65 7542
53 66 5573
53 67 6433
53 68 4533
53 69 5893
53 70 7415
53 71 6595
53 72 7264
53 73 6249
53 74 5005
53 75 7160
53 76 1561
53 77 6743
53 78 9539
53 79 853
53 80 9988
53 81 7098
53 82 832
53 83 2090
53 84 7462
53 85 6233
53 86 1971
53 87 5820
53 88 2486
53 89 9619
53 90 1548
53 91 9420
53 92 3794
53 93 7514
53 94 7331
53 95 4953
53 96 3095
53 97 2710
53 98 9171
53 99 6198
54 55 4616
54 56 4161
54 57 5604
54 58 7985
54 59 9210
54 60 8422
54 61 9421
54 62 7747
54 63 158
54 64 596
54 65 7945
54 66 5146
54 67 4131
54 68 7410
54 69 4805
54 70 5611
54 71 4906
54 72 9276
54 73 7697
54 74 9811
54 75 2135
54 76 7722
54 77 4608
54 78 6320
54 79 33
54 80 4793
54 81 9840
54 82 4220
54 83 711
54 84 8295
54 85 301
54 86 3154
54 87 4527
54 88 5405
54 89 2803
54 90 6823
54 91 6679
54 92 8375
54 93 5236
54 94 6640
54 95 5652
54 96 8091
54 97 9757
54 98 4714
54 99 7116
55 56 9066
55 57 2514
55 58 8252
55 59 679
55 60 4439
55 61 7199
55 62 2328
55 63 4
55 64 3121
55 65 2333
55 66 9887
55 67 9670
55 68 5608
55 69 4629
55 70 5715
55 71 171
55 72 6433
55 73 6786
55 74 1735
55 75 8453
55 76 452
55 77 7373
55 78 6656
55 79 5647
55 80 4791
55 81 2853
55 82 3002
55 83 8790
55 84 7952
55 85 1620
55 86 5092
55 87 3326
55 88 1849
55 89 5534
55 90 1964
55 91 5750
55 92 4073
55 93 1316
55 94 373
55 95 5947
55 96 2833
55 97 6111
55 98 9267
55 99 1269
56 57 3070
56 58 1037
56 59 4440
56 60 5147
56 61 5100
56 62 2035
56 63 5676
56 64 5641
56 65 4635
56 66 3459
56 67 9863
56 68 3544
56 69 5973
56 70 2578
56 71 3355
56 72 2821
56 73 7641
56 74 4488
56 75 9788
56 76 7512
56 77 6665
56 78 9570
56 79 4219
56 80 3200
56 81 3397
56 82 6315
56 83 9703
56 84 1364
56 85 603
56 86 8591
56 87 5638
56 88 4578
56 89 5939
56 90 7392
56 91 1143
56 92 5592
56 93 6496
56 94 2094
56 95 8502
56 96 3303
56 97 1504
56 98 9339
56 99 9766
57 58 5636
57 59 4820
57 60 4799
57 61 2210
57 62 1724
57 63 8148
57 64 5598
57 65 1591
57 66 5085
57 67 508
57 68 5020
57 69 3144
57 70 2150
57 71 2178
57 72 4304
57 73 9062
57 74 9502
57 75 4727
57 76 7288
57 77 7416
57 78 8425
57 79 8910
57 80 6558
57 81 1164
57 82 88
57 83 7842
57 84 8768
57 85 5226
57 86 7261
57 87 4079
57 88 2647
57 89 6256
57 90 7475
57 91 7599
57 92 9725
57 93 2656
57 94 970
57 95 1889
57 96 4734
57 97 1723
57 98 1842
57 99 2362
58 59 6949
58 60 7097
58 61 4115
58 62 4697
58 63 4927
58 64 237
58 65 3374
58 66 5444
58 67 1601
58 68 4908
58 69 7543
58 70 5986
58 71 6568
58 72 9842
58 73 6623
58 74 6139
58 75 5779
58 76 217
58 77 9208
58 78 5370
58 79 9734
58 80 7035
58 81 2660
58 82 9503
58 83 1039
58 84 8424
58 85 4208
58 86 5739
58 87 5774
58 88 9020
58 89 2206
58 90 9779
58 91 469
58 92 9105
58 93 2428
58 94 6190
58 95 5271
58 96 824
58 97 8303
58 98 7149
58 99 4946
59 60 4424
59 61 6253
59 62 9192
59 63 896
59 64 3863
59 65 8902
59 66 220
59 67 8443
59 68 9987
59 69 696
59 70 2387
59 71 4850
59 72 6736
59 73 1400
59 74 1821
59 75 473
59 76 5660
59 77 3668
59 78 2506
59 79 6835
59 80 1100
59 81 4727
59 82 7918
59 83 9109
59 84 4647
59 85 682
59 86 6395
59 87 3972
59 88 1989
59 89 4854
59 90 8165
59 91 2025
59 92 1543
59 93 969
59 94 9382
59 95 9036
59 96 726
59 97 1509
59 98 1178
59 99 1456
60 61 2906
60 62 4236
60 63 3617
60 64 8020
60 65 2055
60 66 2221
60 67 5410
60 68 1775
60 69 75
60 70 6164
60 71 2203
60 72 1814
60 73 8245
60 74 1657
60 75 5003
60 76 6373
60 77 5408
60 78 3607
60 79 8206
60 80 5538
60 81 5970
60 82 6496
60 83 4644
60 84 5003
60 85 4757
60 86 9855
60 87 7075
60 88 1592
60 89 1424
60 90 8970
60 91 5005
60 92 3574
60 93 6074
60 94 9116
60 95 1069
60 96 7250
60 97 6875
60 98 5741
60 99 8913
61 62 2489
61 63 1543
61 64 185
61 65 4423
61 66 591
61 67 2052
61 68 7866
61 69 6597
61 70 6321
61 71 3517
61 72 9194
61 73 9643
61 74 279
61 75 2252
61 76 8700
61 77 2421
61 78 9390
61 79 7058
61 80 785
61 81 7298
61 82 1130
61 83 9665
61 84 9023
61 85 356
61 86 8912
61 87 326
61 88 7755
61 89 4914
61 90 9814
61 91 3190
61 92 8358
61 93 8800
61 94 33
61 95 7398
61 96 4344
61 97 7758
61 98 4127
61 99 8832
62 63 8691
62 64 4521
62 65 463
62 66 8494
62 67 8028
62 68 5178
62 69 9782
62 70 8788
62 71 3229
62 72 593
62 73 5705
62 74 338
62 75 8334
62 76 3309
62 77 1594
62 78 5057
62 79 1471
62 80 1510
62 81 1394
62 82 3102
62 83 2743
62 84 5480
62 85 1637
62 86 4012
62 87 2667
62 88 1936
62 89 5304
62 90 825
62 91 2830
62 92 5252
62 93 9690
62 94 3790
62 95 1875
62 96 5094
62 97 1224
62 98 8928
62 99 6269
63 64 9306
63 65 1423
63 66 3298
63 67 1747
63 68 5354
63 69 5643
63 70 2237
63 71 699
63 72 2045
63 73 6420
63 74 2091
63 75 8228
63 76 7315
63 77 1320
63 78 4614
63 79 3210
63 80 9918
63 81 5898
63 82 9178
63 83 8275
63 84 9212
63 85 3491
63 86 1542
63 87 5843
63 88 3229
63 89 8256
63 90 3911
63 91 1266
63 92 4456
63 93 6695
63 94 5889
63 95 8007
63 96 8112
63 97 8176
63 98 899
63 99 4965
64 65 8250
64 66 2525
64 67 911
64 68 2124
64 69 3945
64 70 4217
64 71 1937
64 72 132
64 73 519
64 74 4392
64 75 6621
64 76 1188
64 77 3200
64 78 2971
64 79 2931
64 80 4036
64 81 9779
64 82 7821
64 83 618
64 84 9164
64 85 9113
64 86 1461
64 87 475
64 88 9471
64 89 7881
64 90 49
64 91 2445
64 92 4373
64 93 9257
64 94 9019
64 95 828
64 96 438
64 97 643
64 98 2366
64 99 8420
65 66 5615
65 67 6676
65 68 6388
65 69 9031
65 70 7868
65 71 3306
65 72 9794
65 73 7111
65 74 749
65 75 5284
65 76 137
65 77 6102
65 78 5949
65 79 164
65 80 9397
65 81 2261
65 82 4944
65 83 3206
65 84 1109
65 85 3141
65 86 827
65 87 4936
65 88 8465
65 89 8894
65 90 8720
65 91 7686
65 92 4636
65 93 368
65 94 8782
65 95 5707
65 96 9756
65 97 4873
65 98 6547
65 99 7455
66 67 233
66 68 5283
66 69 9866
66 70 1391
66 71 7987
66 72 3737
66 73 5560
66 74 6366
66 75 5275
66 76 2572
66 77 9808
66 78 6013
66 79 144
66 80 4293
66 81 5345
66 82 4061
66 83 1548
66 84 4105
66 85 458
66 86 5148
66 87 6029
66 88 5403
66 89 8391
66 90 90
66 91 2016
66 92 7532
66 93 6964
66 94 2727
66 95 6609
66 96 8409
66 97 5210
66 98 4515
66 99 1805
67 68 7659
67 69 8871
67 70 2144
67 71 7919
67 72 524
67 73 55
67 74 7713
67 75 7423
67 76 1938
67 77 321
67 78 2283
67 79 9374
67 80 5040
67 81 5398
67 82 719
67 83 5038
67 84 1744
67 85 6120
67 86 7108
67 87 1153
67 88 4143
67 89 8324
67 90 4675
67 91 9580
67 92 7273
67 93 305
67 94 6866
67 95 9655
67 96 4973
67 97 9244
67 98 5242
67 99 4417
68 69 9238
68 70 5682
68 71 6907
68 72 1119
68 73 5680
68 74 2997
68 75 8112
68 76 6718
68 77 8469
68 78 9091
68 79 3096
68 80 6060
68 81 186
68 82 823
68 83 3632
68 84 4770
68 85 1878
68 86 6246
68 87 6864
68 88 9603
68 89 7215
68 90 9261
68 91 301
68 92 6874
68 93 761
68 94 9017
68 95 3909
68 96 7208
68 97 9540
68 98 7924
68 99 7850
69 70 291
69 71 5107
69 72 6783
69 73 7377
69 74 1976
69 75 3116
69 76 2853
69 77 9071
69 78 4577
69 79 7981
69 80 7211
69 81 3610
69 82 6343
69 83 1906
69 84 7018
69 85 8588
69 86 8070
69 87 7880
69 88 6395
69 89 2258
69 90 2226
69 91 5915
69 92 2966
69 93 2922
69 94 9920
69 95 1462
69 96 9894
69 97 1061
69 98 862
69 99 6953
70 71 8012
70 72 7969
70 73 5978
70 74 8723
70 75 3173
70 76 1026
70 77 4335
70 78 7587
70 79 8646
70 80 7503
70 81 5590
70 82 8230
70 83 4592
70 84 6066
70 85 4697
70 86 3759
70 87 7215
70 88 68
70 89 6625
70 90 3611
70 91 2204
70 92 9018
70 93 5975
70 94 5174
70 95 3610
70 96 1995
70 97 2171
70 98 6084
70 99 5463
71 72 1204
71 73 599
71 74 7984
71 75 1970
71 76 1599
71 77 664
71 78 6321
71 79 5993
71 80 1064
71 81 2470
71 82 5913
71 83 6750
71 84 5130
71 85 7796
71 86 2135
71 87 8646
71 88 5732
71 89 2254
71 90 3976
71 91 2689
71 92 9590
71 93 6131
71 94 5487
71 95 760
71 96 1699
71 97 1515
71 98 60
71 99 4218
72 73 4203
72 74 272
72 75 878
72 76 3355
72 77 4426
72 78 3492
72 79 616
72 80 1180
72 81 4350
72 82 5997
72 83 3655
72 84 8250
72 85 7980
72 86 7666
72 87 581
72 88 8519
72 89 2263
72 90 4417
72 91 2719
72 92 7932
72 93 4876
72 94 2704
72 95 4057
72 96 7836
72 97 408
72 98 7302
72 99 2518
73 74 3117
73 75 9420
73 76 4106
73 77 7558
73 78 868
73 79 6985
73 80 5325
73 81 4966
73 82 4145
73 83 546
73 84 3217
73 85 1799
73 86 5447
73 87 3274
73 88 9222
73 89 516
73 90 6524
73 91 7563
73 92 1283
73 93 1025
73 94 9424
73 95 2918
73 96 9460
73 97 1149
73 98 456
73 99 2678
74 75 4483
74 76 45
74 77 9237
74 78 2262
74 79 5990
74 80 6254
74 81 6335
74 82 4296
74 83 4534
74 84 844
74 85 6905
74 86 2759
74 87 7207
74 88 6331
74 89 3928
74 90 2195
74 91 3944
74 92 8463
74 93 7055
74 94 3633
74 95 289
74 96 2558
74 97 7721
74 98 162
74 99 6647
75 76 64
75 77 1401
75 78 8936
75 79 6901
75 80 4438
75 81 5690
75 82 4709
75 83 5220
75 84 1239
75 85 7611
75 86 6047
75 87 3316
75 88 3481
75 89 1025
75 90 7669
75 91 5966
75 92 825
75 93 8217
75 94 139
75 95 7813
75 96 2886
75 97 7513
75 98 8447
75 99 3215
76 77 2960
76 78 3613
76 79 1754
76 80 6863
76 81 8966
76 82 5078
76 83 7643
76 84 4600
76 85 6127
76 86 4681
76 87 4631
76 88 5585
76 89 6451
76 90 1483
76 91 5982
76 92 4659
76 93 6119
76 94 5160
76 95 1355
76 96 2139
76 97 1879
76 98 8649
76 99 2751
77 78 809
77 79 1465
77 80 4172
77 81 1310
77 82 7432
77 83 4718
77 84 5051
77 85 5908
77 86 8325
77 87 5858
77 88 6167
77 89 6767
77 90 4228
77 91 3961
77 92 2937
77 93 4683
77 94 4338
77 95 1878
77 96 2901
77 97 6852
77 98 1436
77 99 829
78 79 1637
78 80 6344
78 81 8506
78 82 2324
78 83 5782
78 84 9930
78 85 129
78 86 8043
78 87 3446
78 88 9790
78 89 1440
78 90 6828
78 91 2093
78 92 896
78 93 5399
78 94 5729
78 95 4969
78 96 4269
78 97 1711
78 98 372
78 99 6662
79 80 1899
79 81 7281
79 82 2043
79 83 7015
79 84 981
79 85 819
79 86 9676
79 87 9142
79 88 161
79 89 7813
79 90 3295
79 91 8582
79 92 3755
79 93 9924
79 94 7239
79 95 5
79 96 8183
79 97 7566
79 98 753
79 99 9503
80 81 536
80 82 6376
80 83 7661
80 84 9782
80 85 295
80 86 6019
80 87 3297
80 88 4479
80 89 6696
80 90 5203
80 91 2978
80 92 1693
80 93 2452
80 94 6872
80 95 6214
80 96 9427
80 97 4239
80 98 3713
80 99 2305
81 82 8657
81 83 9073
81 84 3018
81 85 9697
81 86 1159
81 87 9675
81 88 1812
81 89 7195
81 90 4762
81 91 8011
81 92 2676
81 93 8716
81 94 3205
81 95 9087
81 96 6057
81 97 632
81 98 380
81 99 2560
82 83 3870
82 84 9429
82 85 4420
82 86 9076
82 87 4500
82 88 2189
82 89 202
82 90 8553
82 91 7790
82 92 7079
82 93 2254
82 94 5501
82 95 63
82 96 3822
82 97 7299
82 98 3076
82 99 279
83 84 5338
83 85 6089
83 86 8223
83 87 5213
83 88 3594
83 89 7437
83 90 7982
83 91 7991
83 92 9228
83 93 2249
83 94 3648
83 95 5954
83 96 8387
83 97 4498
83 98 3354
83 99 8059
84 85 3112
84 86 1417
84 87 3631
84 88 8185
84 89 8612
84 90 5384
84 91 5230
84 92 2245
84 93 2850
84 94 6668
84 95 3587
84 96 2578
84 97 6891
84 98 601
84 99 857
85 86 8009
85 87 5263
85 88 1657
85 89 5504
85 90 7723
85 91 5029
85 92 5755
85 93 6769
85 94 8103
85 95 3890
85 96 9377
85 97 6889
85 98 1082
85 99 6249
86 87 3123
86 88 463
86 89 4902
86 90 2417
86 91 8451
86 92 2127
86 93 2152
86 94 1877
86 95 5086
86 96 2708
86 97 2559
86 98 36
86 99 5633
87 88 8984
87 89 9809
87 90 293
87 91 6129
87 92 8121
87 93 2164
87 94 2224
87 95 5636
87 96 7016
87 97 4587
87 98 440
87 99 8431
88 89 4406
88 90 7596
88 91 6529
88 92 318
88 93 1810
88 94 2173
88 95 8606
88 96 3477
88 97 4704
88 98 7196
88 99 998
89 90 9121
89 91 128
89 92 6516
89 93 5297
89 94 6006
89 95 1689
89 96 5335
89 97 9678
89 98 9717
89 99 8523
90 91 9887
90 92 3243
90 93 3284
90 94 4130
90 95 8496
90 96 542
90 97 7523
90 98 7837
90 99 1818
91 92 8426
91 93 3355
91 94 7909
91 95 7581
91 96 3838
91 97 2518
91 98 6083
91 99 5577
92 93 5343
92 94 8172
92 95 4450
92 96 6342
92 97 3234
92 98 4146
92 99 1129
93 94 4250
93 95 9129
93 96 8290
93 97 6363
93 98 1195
93 99 6570
94 95 4532
94 96 7644
94 97 5218
94 98 4051
94 99 6889
95 96 1074
95 97 6692
95 98 8447
95 99 3649
96 97 2013
96 98 1078
96 99 3259
97 98 168
97 99 7681
98 99 4230
