100 308
0 15
0 30
0 36
0 38
1 19
1 55
1 71
1 94
1 97
2 9
2 66
2 67
2 79
2 84
2 98
3 6
3 96
4 92
4 94
4 96
4 99
5 26
5 61
5 78
5 84
5 97
6 12
6 54
6 75
6 91
6 96
7 57
7 65
7 73
7 78
8 19
8 31
8 67
8 96
9 1
9 17
9 27
9 30
9 32
9 34
9 43
9 47
9 72
9 75
10 11
10 26
10 39
10 46
10 63
10 66
11 14
11 29
11 41
11 47
11 57
11 59
11 94
12 5
12 21
12 40
12 57
12 59
13 33
13 38
13 69
13 89
13 96
13 98
14 18
14 29
14 73
15 1
15 21
15 25
15 35
15 57
16 51
16 75
16 95
17 8
17 24
17 44
17 73
17 74
17 75
17 79
18 61
18 80
18 89
19 38
19 40
19 57
20 38
20 64
20 85
20 86
21 14
21 65
21 74
21 75
22 27
22 28
22 53
22 61
22 76
23 45
23 46
24 71
25 14
25 33
25 52
25 69
25 71
25 75
26 4
26 18
26 35
26 47
26 55
26 62
26 67
26 74
26 97
27 24
27 49
27 60
27 77
28 19
28 24
28 44
28 56
28 76
28 86
28 93
29 54
29 73
30 4
30 63
31 48
31 67
31 87
32 50
32 73
32 75
32 86
32 88
32 99
33 4
34 1
34 80
34 86
35 41
35 72
36 20
36 52
36 56
36 67
36 68
36 81
37 7
37 72
37 76
37 79
37 92
38 16
38 46
39 1
39 41
39 98
40 24
40 60
40 99
41 7
41 18
41 38
41 58
42 19
42 58
42 64
42 83
42 98
43 20
43 50
43 53
43 67
44 4
44 57
45 36
45 71
46 51
46 79
46 80
47 24
47 29
47 44
47 55
47 81
47 83
48 29
49 16
49 31
49 40
49 79
49 81
50 7
50 16
50 53
51 87
52 66
52 82
53 52
53 76
53 80
54 53
54 70
54 99
55 61
55 74
55 82
55 99
56 44
56 81
57 51
58 7
58 24
58 53
58 91
59 24
59 94
60 4
60 76
61 60
61 72
61 81
61 89
62 48
62 65
62 69
62 85
63 24
63 57
63 96
64 44
65 4
65 16
65 85
65 98
66 4
66 67
66 76
67 70
67 72
67 80
67 86
67 89
68 59
68 69
68 72
68 80
69 81
69 88
69 92
70 71
70 77
70 79
70 80
71 4
71 57
72 82
73 71
73 76
74 71
74 86
76 79
76 94
77 79
77 84
77 90
77 94
77 99
79 51
79 80
79 84
81 4
81 90
82 57
82 95
83 16
83 78
84 57
84 86
84 95
86 44
90 72
92 80
92 82
92 98
94 72
95 87
97 88
97 96
99 95
99 97
