100 953
0 4
0 5
0 12
0 14
0 18
0 19
0 24
0 25
0 28
0 31
0 39
0 46
0 51
0 53
0 54
0 57
0 58
0 77
0 81
0 91
0 92
0 93
0 98
0 99
1 0
1 3
1 6
1 13
1 23
1 27
1 30
1 33
1 35
1 36
1 47
1 50
1 52
1 72
1 73
1 74
1 78
1 84
1 85
1 89
2 8
2 14
2 19
2 28
2 33
2 36
2 38
2 42
2 45
2 48
2 50
2 53
2 54
2 55
2 57
2 60
2 62
2 66
2 70
2 71
2 77
2 80
2 81
2 87
2 88
2 92
2 94
2 97
2 98
3 7
3 8
3 25
3 37
3 49
3 51
3 56
3 58
3 59
3 65
3 78
3 81
3 83
3 85
3 92
3 95
4 9
4 10
4 12
4 14
4 21
4 33
4 38
4 39
4 41
4 46
4 47
4 48
4 55
4 70
4 72
4 75
4 76
4 83
4 88
4 89
4 96
4 98
5 12
5 14
5 18
5 23
5 36
5 37
5 39
5 45
5 46
5 51
5 54
5 57
5 67
5 70
5 71
5 79
5 82
5 89
5 91
6 5
6 19
6 21
6 24
6 27
6 43
6 44
6 50
6 53
6 55
6 61
6 62
6 63
6 77
6 97
7 12
7 15
7 21
7 24
7 29
7 35
7 36
7 44
7 49
7 50
7 55
7 60
7 68
7 69
7 79
7 83
7 89
7 95
8 18
8 25
8 32
8 39
8 49
8 50
8 52
8 53
8 56
8 58
8 64
8 66
8 73
8 79
8 83
8 84
8 85
8 89
8 93
8 96
8 99
9 5
9 11
9 17
9 19
9 21
9 26
9 34
9 44
9 48
9 49
9 52
9 56
9 62
9 63
9 66
9 84
10 11
10 12
10 15
10 17
10 20
10 21
10 22
10 26
10 27
10 34
10 35
10 42
10 43
10 46
10 52
10 56
10 65
10 66
10 68
10 70
10 72
10 81
10 82
10 85
10 89
11 6
11 25
11 32
11 52
11 56
11 59
11 80
11 84
11 86
11 90
11 95
11 98
12 13
12 18
12 37
12 47
12 48
12 49
12 59
12 60
12 66
12 69
12 75
12 77
12 78
12 79
12 83
12 92
12 94
12 95
12 99
13 20
13 21
13 26
13 27
13 40
13 46
13 48
13 61
13 65
13 68
13 86
13 88
13 93
13 94
14 15
14 16
14 28
14 32
14 35
14 40
14 43
14 47
14 48
14 55
14 61
14 75
14 77
14 87
14 94
14 96
15 21
15 22
15 23
15 29
15 35
15 37
15 45
15 49
15 51
15 59
15 62
15 65
15 66
15 67
15 69
15 71
15 79
15 83
15 95
16 15
16 18
16 24
16 50
16 57
16 58
16 68
16 70
16 76
16 77
16 84
16 86
16 89
16 91
16 94
16 98
16 99
17 22
17 25
17 26
17 29
17 35
17 36
17 39
17 51
17 52
17 53
17 57
17 59
17 67
17 84
17 90
17 98
18 31
18 34
18 36
18 38
18 39
18 44
18 45
18 47
18 53
18 57
18 83
18 94
18 95
18 96
19 15
19 31
19 32
19 33
19 40
19 42
19 47
19 53
19 58
19 63
19 68
19 82
19 89
19 94
19 99
20 25
20 30
20 40
20 43
20 54
20 62
20 76
20 78
20 79
20 82
20 87
20 91
20 92
20 95
21 20
21 29
21 31
21 32
21 36
21 50
21 58
21 60
21 65
21 66
21 75
21 77
21 85
22 27
22 30
22 33
22 38
22 40
22 41
22 44
22 45
22 47
22 48
22 54
22 58
22 60
22 63
22 65
22 67
22 68
22 70
22 71
22 80
22 86
22 88
22 90
22 96
22 98
23 20
23 28
23 34
23 35
23 48
23 58
23 84
23 85
23 88
23 90
24 18
24 25
24 26
24 33
24 37
24 40
24 43
24 54
24 55
24 58
24 61
24 62
24 63
24 69
24 77
24 78
24 88
24 89
24 93
25 31
25 33
25 34
25 44
25 48
25 52
25 57
25 60
25 76
25 89
25 93
25 99
26 28
26 36
26 49
26 53
26 54
26 63
26 73
26 79
26 81
26 97
27 32
27 33
27 45
27 47
27 52
27 55
27 56
27 61
27 64
27 66
27 69
27 79
27 85
27 87
27 98
28 18
28 42
28 46
28 50
28 63
28 88
28 91
28 92
28 93
29 18
29 30
29 32
29 35
29 42
29 52
29 59
29 60
29 63
29 73
29 89
29 91
30 18
30 33
30 42
30 56
30 67
30 68
30 71
30 74
30 76
30 88
30 89
31 45
31 49
31 50
31 58
31 64
31 73
31 86
31 92
31 94
31 97
32 39
32 40
32 45
32 46
32 48
32 61
32 66
32 70
32 74
32 91
32 97
33 31
33 36
33 38
33 41
33 44
33 46
33 47
33 55
33 56
33 69
33 75
33 80
33 84
33 89
33 91
34 35
34 36
34 47
34 50
34 57
34 66
34 68
34 71
34 74
34 76
34 78
34 80
34 83
34 84
34 89
34 90
34 93
34 98
35 31
35 41
35 51
35 61
35 69
35 75
35 80
35 83
35 88
35 98
36 37
36 39
36 42
36 60
36 66
36 78
36 80
36 81
36 84
36 88
36 89
36 99
37 38
37 45
37 48
37 50
37 58
37 69
37 73
37 79
37 83
37 88
37 90
37 95
37 96
37 99
38 31
38 39
38 41
38 54
38 55
38 59
38 72
38 78
38 87
39 46
39 53
39 54
39 56
39 60
39 66
39 73
39 74
39 83
39 84
39 87
39 90
39 94
39 97
40 43
40 57
40 59
40 62
40 71
40 73
40 75
40 76
40 80
40 82
40 84
40 87
41 49
41 50
41 54
41 60
41 68
41 75
41 81
41 86
41 87
41 88
41 89
41 90
42 31
42 44
42 47
42 65
42 66
42 76
42 85
42 88
42 89
42 90
42 98
43 31
43 47
43 60
43 66
43 68
43 69
43 70
43 71
43 90
43 96
44 43
44 51
44 56
44 62
44 65
44 76
44 82
44 84
44 89
45 39
45 48
45 64
45 85
45 86
46 56
46 57
46 62
46 74
46 82
46 85
46 98
47 46
47 60
47 79
47 87
47 92
47 96
47 97
48 47
48 63
48 64
48 65
48 73
48 81
49 46
49 50
49 76
49 77
49 79
49 87
49 88
49 89
49 99
50 51
50 55
50 56
50 61
50 64
50 76
50 77
51 46
51 60
51 68
51 69
51 79
51 81
51 87
51 97
52 47
52 55
52 58
52 59
52 70
52 71
52 88
52 89
52 90
53 54
53 59
53 69
53 71
53 72
53 73
53 76
53 82
53 85
53 88
53 89
53 93
53 95
53 97
53 99
54 55
54 62
54 65
54 72
54 79
54 83
54 88
54 89
54 90
54 94
55 62
55 65
55 66
55 71
55 76
55 80
55 84
55 87
55 94
55 97
56 55
56 61
56 70
56 73
56 79
56 85
56 90
56 93
57 77
57 79
57 82
57 84
57 92
58 56
58 64
58 74
58 75
58 78
58 82
58 88
58 98
59 63
59 65
59 69
59 75
59 77
59 82
59 89
59 97
60 59
60 84
60 95
60 99
61 57
61 66
61 90
61 91
61 95
62 61
62 68
62 74
62 81
62 93
62 94
63 66
63 67
63 69
63 83
63 84
63 85
63 89
63 91
63 92
64 67
64 70
64 85
64 87
64 92
64 96
64 98
65 57
65 68
65 75
65 78
65 88
65 95
66 57
66 74
66 83
66 86
66 90
67 57
67 80
67 85
67 87
67 88
67 96
67 97
67 99
68 67
68 70
68 71
68 73
68 91
69 68
69 81
69 89
70 73
70 79
70 87
70 89
70 98
71 74
71 79
71 87
72 57
72 74
72 76
72 91
73 77
73 78
73 82
73 83
73 88
73 91
73 92
73 93
73 94
73 95
73 97
74 83
74 91
74 94
74 95
74 97
75 67
76 57
76 83
76 87
76 93
76 99
77 74
77 80
77 81
77 84
78 85
78 89
78 91
79 84
80 78
80 79
80 88
81 71
81 82
81 86
81 92
81 93
81 96
81 99
82 71
83 78
83 86
83 90
83 92
83 98
83 99
84 89
84 91
84 99
85 79
85 88
85 94
85 97
86 84
86 90
86 93
86 94
86 97
86 98
87 79
87 95
88 86
89 94
89 95
90 79
91 92
91 95
91 97
92 98
93 97
94 93
95 94
95 98
95 99
96 95
98 93
