100 4950 65 29
1 0 210
2 0 340
0 3 731
0 4 480
5 0 690
0 6 825
0 7 645
8 0 301
0 9 822
10 0 757
0 11 919
0 12 569
13 0 126
0 14 695
15 0 139
16 0 671
0 17 685
18 0 981
0 19 353
0 20 944
0 21 209
22 0 506
23 0 468
0 24 949
0 25 845
0 26 596
0 27 525
28 0 439
0 29 661
0 30 255
31 0 731
0 32 789
0 33 144
34 0 581
0 35 262
36 0 730
37 0 765
0 38 112
39 0 168
0 40 691
41 0 855
42 0 894
0 43 496
44 0 728
45 0 783
0 46 518
47 0 253
48 0 622
49 0 384
0 50 485
0 51 884
52 0 961
53 0 504
54 0 183
0 55 699
0 56 759
57 0 709
0 58 452
59 0 757
60 0 459
61 0 492
62 0 260
0 63 495
64 0 962
0 65 570
0 66 143
0 67 702
0 68 828
0 69 54
70 0 62
71 0 253
0 72 620
73 0 607
0 74 727
75 0 994
0 76 413
77 0 632
78 0 325
0 79 53
80 0 1
81 0 369
0 82 388
0 83 143
0 84 843
85 0 926
0 86 274
87 0 458
0 88 181
89 0 330
90 0 347
91 0 205
0 92 770
0 93 692
0 94 425
0 95 86
0 96 261
97 0 433
98 0 598
99 0 115
1 2 726
3 1 467
4 1 710
1 5 608
6 1 214
1 7 488
8 1 415
1 9 479
10 1 215
1 11 257
12 1 364
13 1 452
14 1 450
15 1 68
1 16 108
1 17 618
1 18 150
19 1 593
20 1 673
21 1 847
1 22 782
1 23 540
24 1 162
25 1 501
1 26 610
1 27 597
1 28 343
1 29 285
30 1 983
1 31 26
32 1 387
33 1 234
34 1 9
1 35 648
36 1 654
1 37 974
38 1 643
1 39 111
40 1 635
41 1 307
1 42 461
43 1 299
1 44 56
1 45 613
46 1 189
47 1 92
1 48 137
1 49 32
50 1 378
51 1 469
1 52 999
53 1 285
1 54 85
1 55 131
56 1 70
57 1 992
1 58 550
1 59 32
60 1 359
1 61 358
1 62 432
63 1 357
1 64 576
65 1 625
66 1 868
1 67 32
1 68 298
69 1 685
70 1 757
1 71 829
1 72 523
73 1 696
74 1 393
75 1 62
1 76 309
77 1 301
78 1 745
1 79 185
80 1 457
1 81 80
1 82 135
1 83 449
1 84 740
85 1 474
86 1 243
87 1 855
88 1 766
89 1 658
1 90 19
91 1 929
1 92 543
93 1 627
1 94 377
1 95 93
1 96 384
1 97 407
1 98 269
99 1 72
2 3 39
4 2 852
5 2 278
2 6 443
7 2 301
8 2 562
9 2 117
10 2 456
2 11 136
12 2 437
2 13 142
2 14 81
2 15 139
2 16 686
2 17 108
2 18 425
19 2 74
20 2 526
2 21 8
22 2 620
23 2 538
2 24 355
2 25 672
26 2 624
2 27 565
2 28 654
29 2 732
30 2 425
2 31 5
2 32 802
2 33 404
2 34 774
35 2 67
36 2 260
37 2 46
2 38 611
39 2 754
2 40 21
41 2 439
42 2 713
2 43 114
2 44 786
45 2 907
46 2 202
2 47 519
48 2 305
49 2 425
2 50 629
51 2 225
2 52 669
2 53 408
2 54 28
55 2 720
56 2 888
57 2 879
2 58 985
2 59 149
60 2 878
2 61 972
2 62 492
63 2 263
2 64 604
65 2 267
2 66 529
2 67 114
2 68 308
2 69 706
70 2 74
2 71 812
72 2 835
2 73 325
74 2 776
75 2 330
2 76 657
2 77 523
2 78 184
79 2 158
80 2 422
81 2 771
82 2 83
83 2 495
84 2 501
85 2 369
86 2 806
2 87 381
2 88 507
89 2 476
2 90 973
91 2 754
2 92 742
2 93 421
94 2 140
2 95 522
96 2 675
2 97 117
2 98 514
2 99 698
4 3 376
3 5 227
3 6 248
3 7 907
8 3 847
3 9 871
3 10 849
11 3 744
3 12 534
3 13 305
14 3 980
3 15 280
3 16 565
17 3 157
18 3 707
3 19 356
3 20 600
21 3 55
3 22 922
3 23 125
3 24 522
25 3 542
26 3 459
27 3 986
3 28 439
3 29 112
30 3 503
31 3 302
3 32 802
33 3 719
3 34 315
35 3 88
3 36 123
3 37 717
38 3 530
39 3 425
40 3 262
41 3 960
3 42 431
43 3 92
3 44 546
45 3 379
46 3 421
3 47 247
3 48 915
49 3 589
3 50 119
51 3 658
3 52 798
3 53 178
54 3 580
55 3 889
3 56 663
3 57 193
58 3 74
59 3 789
60 3 414
3 61 898
3 62 139
63 3 480
64 3 694
65 3 863
3 66 231
3 67 618
3 68 426
3 69 101
3 70 765
3 71 787
3 72 638
73 3 981
74 3 923
75 3 117
76 3 348
77 3 971
78 3 257
79 3 754
3 80 462
3 81 735
82 3 106
83 3 234
3 84 220
85 3 737
3 86 790
3 87 150
3 88 715
89 3 219
3 90 685
3 91 385
92 3 9
3 93 361
3 94 195
3 95 255
3 96 557
3 97 558
98 3 1
99 3 620
4 5 427
4 6 200
7 4 160
8 4 243
9 4 696
10 4 784
11 4 339
4 12 547
4 13 622
4 14 194
15 4 674
4 16 679
17 4 491
18 4 339
4 19 182
20 4 469
4 21 460
4 22 722
4 23 833
24 4 558
25 4 426
26 4 156
4 27 742
28 4 328
4 29 693
4 30 58
4 31 452
4 32 558
4 33 617
34 4 156
4 35 192
4 36 829
4 37 718
38 4 735
39 4 530
4 40 884
41 4 716
4 42 533
43 4 874
4 44 922
4 45 590
4 46 71
4 47 558
4 48 670
49 4 723
4 50 404
51 4 454
52 4 228
4 53 616
54 4 611
55 4 669
4 56 74
4 57 888
4 58 708
59 4 728
60 4 763
61 4 832
62 4 925
63 4 466
4 64 381
4 65 785
66 4 988
4 67 276
68 4 537
69 4 142
70 4 699
71 4 672
72 4 808
73 4 240
74 4 296
75 4 33
76 4 626
4 77 803
78 4 979
79 4 189
80 4 849
4 81 300
4 82 374
83 4 413
84 4 118
4 85 898
4 86 842
4 87 81
88 4 495
89 4 419
4 90 859
4 91 840
92 4 991
4 93 114
4 94 516
95 4 78
96 4 992
97 4 145
98 4 823
99 4 847
5 6 630
5 7 88
8 5 397
5 9 641
5 10 62
11 5 415
5 12 323
13 5 186
14 5 282
15 5 975
5 16 830
17 5 515
18 5 276
5 19 485
20 5 460
21 5 641
5 22 289
23 5 54
24 5 211
25 5 535
5 26 147
27 5 984
5 28 296
29 5 368
30 5 53
5 31 780
32 5 750
33 5 856
5 34 153
5 35 297
5 36 322
37 5 528
38 5 663
39 5 339
40 5 411
5 41 503
42 5 524
43 5 800
5 44 691
5 45 646
46 5 10
47 5 689
5 48 863
5 49 558
5 50 900
51 5 521
52 5 726
5 53 15
54 5 649
5 55 336
5 56 835
57 5 721
5 58 175
5 59 48
60 5 878
5 61 523
62 5 506
63 5 327
5 64 375
5 65 173
5 66 478
67 5 481
68 5 327
69 5 30
70 5 577
5 71 232
72 5 425
5 73 362
5 74 267
5 75 284
76 5 742
5 77 989
78 5 123
5 79 438
5 80 471
81 5 474
5 82 628
5 83 324
5 84 410
5 85 266
86 5 449
87 5 985
5 88 145
5 89 188
90 5 361
91 5 661
5 92 835
5 93 525
5 94 884
95 5 218
5 96 857
97 5 637
98 5 842
99 5 557
6 7 890
6 8 11
9 6 915
6 10 811
11 6 577
12 6 148
13 6 122
6 14 757
6 15 817
6 16 787
6 17 564
6 18 172
6 19 869
20 6 81
21 6 814
22 6 761
23 6 467
6 24 297
25 6 173
6 26 652
27 6 441
6 28 309
6 29 48
6 30 547
31 6 891
6 32 891
6 33 188
34 6 855
35 6 905
36 6 232
6 37 274
6 38 682
6 39 198
6 40 577
41 6 657
42 6 516
6 43 659
44 6 158
6 45 737
46 6 39
47 6 186
48 6 808
6 49 402
6 50 257
51 6 434
52 6 968
6 53 819
6 54 535
6 55 562
56 6 503
6 57 976
6 58 334
6 59 550
60 6 88
61 6 349
6 62 705
6 63 633
64 6 866
65 6 23
66 6 258
67 6 509
68 6 365
69 6 745
70 6 809
71 6 541
72 6 349
73 6 662
74 6 933
6 75 476
76 6 173
77 6 227
78 6 768
6 79 155
80 6 597
6 81 546
6 82 763
6 83 877
84 6 868
85 6 850
86 6 928
87 6 662
6 88 493
6 89 285
6 90 770
91 6 377
6 92 663
6 93 801
6 94 695
6 95 657
6 96 540
6 97 475
98 6 413
6 99 386
7 8 544
7 9 466
10 7 599
7 11 117
12 7 434
13 7 503
14 7 851
7 15 969
7 16 168
17 7 442
7 18 247
7 19 983
7 20 728
7 21 923
7 22 301
23 7 754
24 7 681
7 25 500
26 7 656
7 27 500
7 28 715
29 7 104
30 7 606
7 31 582
7 32 675
7 33 41
34 7 771
7 35 678
36 7 218
37 7 60
7 38 157
39 7 491
40 7 476
41 7 921
7 42 543
7 43 669
7 44 681
45 7 243
46 7 724
7 47 928
48 7 795
7 49 77
50 7 401
51 7 295
7 52 779
53 7 910
54 7 799
7 55 478
7 56 131
7 57 68
7 58 472
7 59 456
7 60 987
61 7 229
7 62 90
63 7 523
64 7 721
65 7 728
7 66 971
7 67 265
7 68 192
69 7 55
7 70 313
71 7 95
7 72 252
73 7 631
7 74 339
7 75 877
76 7 323
7 77 376
7 78 690
7 79 988
80 7 668
81 7 806
82 7 586
83 7 927
7 84 914
85 7 165
86 7 27
7 87 32
88 7 655
89 7 516
7 90 799
7 91 366
7 92 831
93 7 532
94 7 790
7 95 316
7 96 419
7 97 930
7 98 613
7 99 491
8 9 416
10 8 284
8 11 47
8 12 663
8 13 281
8 14 412
15 8 148
16 8 546
17 8 562
8 18 986
19 8 636
20 8 326
8 21 965
8 22 191
23 8 613
8 24 549
8 25 174
8 26 244
27 8 519
8 28 851
29 8 666
8 30 295
8 31 237
8 32 975
33 8 416
34 8 224
35 8 670
8 36 378
37 8 889
38 8 80
8 39 485
40 8 935
8 41 341
42 8 316
43 8 292
44 8 751
45 8 262
46 8 926
47 8 192
48 8 627
8 49 655
50 8 717
51 8 236
8 52 289
53 8 147
8 54 525
8 55 556
56 8 477
8 57 32
58 8 475
59 8 187
60 8 411
61 8 769
62 8 481
63 8 41
8 64 185
8 65 649
8 66 552
8 67 414
8 68 971
8 69 914
70 8 175
71 8 194
8 72 938
8 73 442
8 74 321
75 8 572
8 76 495
8 77 232
8 78 261
79 8 662
80 8 550
81 8 319
8 82 168
8 83 177
8 84 396
8 85 554
86 8 646
8 87 943
88 8 457
8 89 831
90 8 839
91 8 973
8 92 111
8 93 314
94 8 570
95 8 594
8 96 846
8 97 796
8 98 976
99 8 502
9 10 11
11 9 551
12 9 137
13 9 128
9 14 64
9 15 911
16 9 278
17 9 861
9 18 532
19 9 817
9 20 434
21 9 928
22 9 971
9 23 940
24 9 974
9 25 454
26 9 599
9 27 720
9 28 95
29 9 373
30 9 128
31 9 706
32 9 861
9 33 821
34 9 868
35 9 104
36 9 79
9 37 313
9 38 250
9 39 108
40 9 413
9 41 156
9 42 642
43 9 624
9 44 214
9 45 646
46 9 758
9 47 675
9 48 400
49 9 503
9 50 865
9 51 131
9 52 287
9 53 438
54 9 554
9 55 841
9 56 662
57 9 162
9 58 311
9 59 316
9 60 149
61 9 249
9 62 709
9 63 443
64 9 308
9 65 579
9 66 568
9 67 116
9 68 437
9 69 687
70 9 186
9 71 906
9 72 128
73 9 569
74 9 529
9 75 236
76 9 983
77 9 861
9 78 318
9 79 650
80 9 291
9 81 99
9 82 976
9 83 705
9 84 306
9 85 110
86 9 601
9 87 303
9 88 611
89 9 272
90 9 971
91 9 50
9 92 112
9 93 589
9 94 324
9 95 111
96 9 876
97 9 595
9 98 381
9 99 71
10 11 900
10 12 26
10 13 46
14 10 702
10 15 761
10 16 69
10 17 74
18 10 177
19 10 804
10 20 736
10 21 674
10 22 24
10 23 534
24 10 93
25 10 959
26 10 429
10 27 943
10 28 363
10 29 952
10 30 123
10 31 914
32 10 247
10 33 381
10 34 954
10 35 902
10 36 891
10 37 900
10 38 253
39 10 831
10 40 284
41 10 137
10 42 560
43 10 210
10 44 417
10 45 714
10 46 85
47 10 574
48 10 310
49 10 84
50 10 826
51 10 926
10 52 591
53 10 205
10 54 166
55 10 827
10 56 23
10 57 170
10 58 810
59 10 920
60 10 845
10 61 778
10 62 658
63 10 659
10 64 503
65 10 58
10 66 434
10 67 314
68 10 851
10 69 853
10 70 412
10 71 74
10 72 359
73 10 259
10 74 840
10 75 568
76 10 332
10 77 415
10 78 822
79 10 339
10 80 679
10 81 329
82 10 283
10 83 780
10 84 501
85 10 276
86 10 417
87 10 241
10 88 200
10 89 950
10 90 166
91 10 648
92 10 164
10 93 103
94 10 781
10 95 422
10 96 572
10 97 368
10 98 823
10 99 661
11 12 868
11 13 72
14 11 367
11 15 621
16 11 723
17 11 424
11 18 290
19 11 168
20 11 305
21 11 289
22 11 604
11 23 674
11 24 157
25 11 236
26 11 852
27 11 474
28 11 668
29 11 846
11 30 378
31 11 317
11 32 386
11 33 358
11 34 69
35 11 623
11 36 73
37 11 9
38 11 653
39 11 883
11 40 993
11 41 115
11 42 332
43 11 412
11 44 77
11 45 20
46 11 904
47 11 81
48 11 924
11 49 805
50 11 806
11 51 599
52 11 272
53 11 129
11 54 423
11 55 12
56 11 518
11 57 916
11 58 889
59 11 924
60 11 88
61 11 590
11 62 77
11 63 755
11 64 193
65 11 142
11 66 133
11 67 394
68 11 426
11 69 371
11 70 29
71 11 718
72 11 986
11 73 54
74 11 25
75 11 575
76 11 762
11 77 854
78 11 678
11 79 384
80 11 731
11 81 611
82 11 608
83 11 883
84 11 718
85 11 679
86 11 694
87 11 363
11 88 120
11 89 456
11 90 953
11 91 711
11 92 767
11 93 633
11 94 653
95 11 40
96 11 252
97 11 283
11 98 674
99 11 431
13 12 867
14 12 20
12 15 532
12 16 707
17 12 234
18 12 545
12 19 173
20 12 823
12 21 285
12 22 464
12 23 487
12 24 52
25 12 828
26 12 973
27 12 994
12 28 412
12 29 507
30 12 370
12 31 514
12 32 250
12 33 752
12 34 479
35 12 453
12 36 646
37 12 221
12 38 719
39 12 879
12 40 363
12 41 888
42 12 952
43 12 602
44 12 105
12 45 669
46 12 196
47 12 78
12 48 215
49 12 344
12 50 774
51 12 750
52 12 913
12 53 141
54 12 499
55 12 214
12 56 891
12 57 197
58 12 769
12 59 904
12 60 782
61 12 555
12 62 157
63 12 680
12 64 649
65 12 327
66 12 555
67 12 560
12 68 703
69 12 381
12 70 430
71 12 36
12 72 40
73 12 267
74 12 314
12 75 289
76 12 324
77 12 383
78 12 395
12 79 52
80 12 74
81 12 142
12 82 133
83 12 191
84 12 779
12 85 871
86 12 416
87 12 45
12 88 984
12 89 767
90 12 356
12 91 922
92 12 386
12 93 227
94 12 899
12 95 443
12 96 990
97 12 499
98 12 122
99 12 306
14 13 390
15 13 737
16 13 339
17 13 536
13 18 469
13 19 897
13 20 4
21 13 253
13 22 109
13 23 812
13 24 911
25 13 575
26 13 327
27 13 423
28 13 915
29 13 364
30 13 682
31 13 427
13 32 512
33 13 796
13 34 811
13 35 950
13 36 267
13 37 476
13 38 968
39 13 931
13 40 245
41 13 823
13 42 784
43 13 758
13 44 781
45 13 146
46 13 722
47 13 650
48 13 387
49 13 887
13 50 119
51 13 155
13 52 558
13 53 726
54 13 697
55 13 663
56 13 484
57 13 555
13 58 323
59 13 85
60 13 594
13 61 480
13 62 125
13 63 787
13 64 148
13 65 658
66 13 970
67 13 758
13 68 901
13 69 366
13 70 133
13 71 584
13 72 820
73 13 991
74 13 615
75 13 307
76 13 969
13 77 727
13 78 760
13 79 214
80 13 285
81 13 766
13 82 201
13 83 416
84 13 19
13 85 929
86 13 484
87 13 320
88 13 540
13 89 179
90 13 394
13 91 521
13 92 503
93 13 269
13 94 600
13 95 192
96 13 3
13 97 131
98 13 319
13 99 160
14 15 208
14 16 223
14 17 26
14 18 925
19 14 886
20 14 523
21 14 634
14 22 594
14 23 880
14 24 186
25 14 71
14 26 663
27 14 41
28 14 809
29 14 713
14 30 209
14 31 672
32 14 33
14 33 509
14 34 945
14 35 583
36 14 488
14 37 224
14 38 600
39 14 863
14 40 114
14 41 528
14 42 733
14 43 252
44 14 53
14 45 732
14 46 229
14 47 177
14 48 717
14 49 816
14 50 655
14 51 589
14 52 303
53 14 268
14 54 173
14 55 658
56 14 788
14 57 791
14 58 206
14 59 207
14 60 451
61 14 927
14 62 714
14 63 51
64 14 220
14 65 962
14 66 918
67 14 306
68 14 165
14 69 482
70 14 249
14 71 125
14 72 479
14 73 843
74 14 87
14 75 873
76 14 101
77 14 562
78 14 854
79 14 530
14 80 875
81 14 64
82 14 829
83 14 569
84 14 368
85 14 394
14 86 856
87 14 647
14 88 455
89 14 380
14 90 591
14 91 918
92 14 655
93 14 667
14 94 532
95 14 381
14 96 940
14 97 473
98 14 912
99 14 385
15 16 859
15 17 646
15 18 834
19 15 572
20 15 75
21 15 977
22 15 17
23 15 699
24 15 942
15 25 113
15 26 383
15 27 152
15 28 814
29 15 919
15 30 111
31 15 741
32 15 812
33 15 938
15 34 372
15 35 359
36 15 508
37 15 609
15 38 911
15 39 636
40 15 448
41 15 99
15 42 422
15 43 585
15 44 713
15 45 768
46 15 186
15 47 585
48 15 578
49 15 919
15 50 458
15 51 34
15 52 351
53 15 667
15 54 473
55 15 390
56 15 545
57 15 475
58 15 698
15 59 852
60 15 219
61 15 212
15 62 64
15 63 859
64 15 99
15 65 451
66 15 394
67 15 917
15 68 691
15 69 783
15 70 672
71 15 415
72 15 857
73 15 120
15 74 865
75 15 811
15 76 105
77 15 144
78 15 588
15 79 644
80 15 714
15 81 263
82 15 932
15 83 604
15 84 444
85 15 701
86 15 846
15 87 232
15 88 65
89 15 287
15 90 46
15 91 764
15 92 390
15 93 627
94 15 689
15 95 151
15 96 34
97 15 685
98 15 416
99 15 33
16 17 757
18 16 285
19 16 517
20 16 291
21 16 663
16 22 235
23 16 382
16 24 370
16 25 0
16 26 188
16 27 198
16 28 131
16 29 992
16 30 884
16 31 803
32 16 496
33 16 293
16 34 989
16 35 933
16 36 491
16 37 917
38 16 397
16 39 599
40 16 625
16 41 39
42 16 970
43 16 166
16 44 280
45 16 822
16 46 697
47 16 907
16 48 941
49 16 306
16 50 129
16 51 683
16 52 926
53 16 891
16 54 307
55 16 795
16 56 356
57 16 501
58 16 541
59 16 541
16 60 339
16 61 678
16 62 445
63 16 334
64 16 388
65 16 621
66 16 928
67 16 370
68 16 143
16 69 742
70 16 109
71 16 399
72 16 27
16 73 148
16 74 359
75 16 179
76 16 847
16 77 936
16 78 919
16 79 173
16 80 403
81 16 487
82 16 159
83 16 121
16 84 208
16 85 264
86 16 567
87 16 1
88 16 367
16 89 344
16 90 406
16 91 808
92 16 380
16 93 357
94 16 528
16 95 389
96 16 2
16 97 824
98 16 672
16 99 124
17 18 79
19 17 749
20 17 157
21 17 48
17 22 433
17 23 391
17 24 10
25 17 595
26 17 883
27 17 875
28 17 286
29 17 60
17 30 16
31 17 677
32 17 169
33 17 746
17 34 321
35 17 832
17 36 749
37 17 702
38 17 116
39 17 823
17 40 564
17 41 80
17 42 596
43 17 481
17 44 47
17 45 849
46 17 363
47 17 136
48 17 198
49 17 408
50 17 706
51 17 79
17 52 273
53 17 652
54 17 240
55 17 710
17 56 856
57 17 126
17 58 810
17 59 683
60 17 163
17 61 878
17 62 803
17 63 436
64 17 303
17 65 291
66 17 681
67 17 742
68 17 348
17 69 621
17 70 639
17 71 464
17 72 231
73 17 403
17 74 318
17 75 439
76 17 485
17 77 107
17 78 791
79 17 901
17 80 587
17 81 533
17 82 770
17 83 498
84 17 568
17 85 857
86 17 451
17 87 764
88 17 529
17 89 770
17 90 556
91 17 981
17 92 119
17 93 473
17 94 217
95 17 233
17 96 144
17 97 0
98 17 641
17 99 624
18 19 138
18 20 927
21 18 134
22 18 385
23 18 424
18 24 439
18 25 318
26 18 997
18 27 925
18 28 163
29 18 197
30 18 593
18 31 434
18 32 98
33 18 820
34 18 372
18 35 798
36 18 639
18 37 386
38 18 378
39 18 408
18 40 828
41 18 593
18 42 359
18 43 592
18 44 236
45 18 572
46 18 438
18 47 824
18 48 595
49 18 990
50 18 268
18 51 770
52 18 942
18 53 172
18 54 19
18 55 546
18 56 801
18 57 559
18 58 200
59 18 370
18 60 357
18 61 2
18 62 341
63 18 55
18 64 698
18 65 183
66 18 928
67 18 528
68 18 65
69 18 776
18 70 459
71 18 926
18 72 724
18 73 425
18 74 566
75 18 548
18 76 617
18 77 150
78 18 614
79 18 914
80 18 707
81 18 311
18 82 797
83 18 197
18 84 25
85 18 996
86 18 238
87 18 493
88 18 181
18 89 70
90 18 890
91 18 777
92 18 921
18 93 194
18 94 51
95 18 454
18 96 715
97 18 446
98 18 418
18 99 256
20 19 600
19 21 701
22 19 115
23 19 379
24 19 385
19 25 152
26 19 556
19 27 881
19 28 914
19 29 228
30 19 592
19 31 348
19 32 701
19 33 622
19 34 823
35 19 497
36 19 635
37 19 256
19 38 299
39 19 391
19 40 347
41 19 846
42 19 221
19 43 540
19 44 743
45 19 50
46 19 512
47 19 796
19 48 219
19 49 33
50 19 153
51 19 894
52 19 819
19 53 972
19 54 592
19 55 973
19 56 349
19 57 402
19 58 102
19 59 287
60 19 247
19 61 256
62 19 313
63 19 562
19 64 15
65 19 101
19 66 592
19 67 534
19 68 925
19 69 261
70 19 350
19 71 846
72 19 382
73 19 431
19 74 996
75 19 708
76 19 283
77 19 837
78 19 966
19 79 435
80 19 28
81 19 340
19 82 902
19 83 116
84 19 473
19 85 397
86 19 810
19 87 445
88 19 937
19 89 349
19 90 492
19 91 597
19 92 701
93 19 449
94 19 735
19 95 30
19 96 615
19 97 115
19 98 792
99 19 83
20 21 914
22 20 551
20 23 493
24 20 513
25 20 570
20 26 107
20 27 104
20 28 851
20 29 515
30 20 832
20 31 172
20 32 661
20 33 467
20 34 700
20 35 712
36 20 101
37 20 859
38 20 559
39 20 919
20 40 314
20 41 215
20 42 399
43 20 562
20 44 607
20 45 894
20 46 672
47 20 277
48 20 350
20 49 647
20 50 842
20 51 231
52 20 944
20 53 137
20 54 318
20 55 558
56 20 780
57 20 476
20 58 451
20 59 363
60 20 870
20 61 394
62 20 296
63 20 806
20 64 925
65 20 248
66 20 137
67 20 590
20 68 246
20 69 997
20 70 735
71 20 808
20 72 913
20 73 630
74 20 987
75 20 195
76 20 408
20 77 729
20 78 365
20 79 369
80 20 419
81 20 919
20 82 813
20 83 583
20 84 105
85 20 390
86 20 716
20 87 48
88 20 13
20 89 74
20 90 969
20 91 166
20 92 650
20 93 285
20 94 752
20 95 411
96 20 280
20 97 914
98 20 530
20 99 274
21 22 313
23 21 876
21 24 752
21 25 623
26 21 293
27 21 721
21 28 890
29 21 977
30 21 51
31 21 353
21 32 727
21 33 291
34 21 876
21 35 193
36 21 828
21 37 639
38 21 786
39 21 384
21 40 511
41 21 909
42 21 810
21 43 176
44 21 487
45 21 962
21 46 226
21 47 673
21 48 367
21 49 713
21 50 108
51 21 7
52 21 563
53 21 582
21 54 68
55 21 585
21 56 969
21 57 242
58 21 322
21 59 736
60 21 158
21 61 133
21 62 288
63 21 245
64 21 437
21 65 568
66 21 221
21 67 631
21 68 669
21 69 873
21 70 187
21 71 623
72 21 416
73 21 43
74 21 565
21 75 417
76 21 41
77 21 380
78 21 531
79 21 710
80 21 623
81 21 46
21 82 763
21 83 26
84 21 610
85 21 76
86 21 264
21 87 974
21 88 530
89 21 170
90 21 344
91 21 151
21 92 69
93 21 350
21 94 1
21 95 944
96 21 125
97 21 144
21 98 111
21 99 555
22 23 783
24 22 519
22 25 669
26 22 350
22 27 782
28 22 523
22 29 160
22 30 232
31 22 832
32 22 980
22 33 650
34 22 0
22 35 586
22 36 800
37 22 11
38 22 626
39 22 987
40 22 484
41 22 331
22 42 317
43 22 492
22 44 400
22 45 905
46 22 109
47 22 1
48 22 658
49 22 681
22 50 309
51 22 504
52 22 96
53 22 762
54 22 924
55 22 281
22 56 57
22 57 415
22 58 45
59 22 963
22 60 306
22 61 639
62 22 139
63 22 190
64 22 295
65 22 232
22 66 364
67 22 681
22 68 331
22 69 967
70 22 586
22 71 448
72 22 670
73 22 408
74 22 98
75 22 873
76 22 642
22 77 546
22 78 762
22 79 625
80 22 715
22 81 764
22 82 279
22 83 190
84 22 917
85 22 962
86 22 16
22 87 42
88 22 180
89 22 46
22 90 909
22 91 21
92 22 39
93 22 598
94 22 507
95 22 834
22 96 625
22 97 754
98 22 349
22 99 382
24 23 508
23 25 947
23 26 267
23 27 151
23 28 496
29 23 68
30 23 848
31 23 832
32 23 646
23 33 633
34 23 102
23 35 429
23 36 463
23 37 411
23 38 374
39 23 193
23 40 932
41 23 957
23 42 504
43 23 643
44 23 6
23 45 657
46 23 611
23 47 224
48 23 558
23 49 934
23 50 930
23 51 115
52 23 561
23 53 311
54 23 635
23 55 854
23 56 855
23 57 380
58 23 484
23 59 537
60 23 356
61 23 378
23 62 878
63 23 528
23 64 520
23 65 731
66 23 281
23 67 644
68 23 688
23 69 867
70 23 341
23 71 956
72 23 934
23 73 992
23 74 990
75 23 850
23 76 87
77 23 207
78 23 826
79 23 337
23 80 994
81 23 900
23 82 192
23 83 523
23 84 753
85 23 88
86 23 200
87 23 416
88 23 739
89 23 409
23 90 150
91 23 736
92 23 295
23 93 127
23 94 886
95 23 273
96 23 330
23 97 907
98 23 793
99 23 430
25 24 810
26 24 969
27 24 544
28 24 141
29 24 861
24 30 735
31 24 841
24 32 936
24 33 295
24 34 26
24 35 262
36 24 264
24 37 65
24 38 640
39 24 46
24 40 987
24 41 215
24 42 989
24 43 700
24 44 128
24 45 462
46 24 516
24 47 960
48 24 716
49 24 890
50 24 538
24 51 619
52 24 515
53 24 272
54 24 662
55 24 379
56 24 746
24 57 340
24 58 568
24 59 926
60 24 528
24 61 638
24 62 108
63 24 156
24 64 278
65 24 610
66 24 21
67 24 98
24 68 645
24 69 261
24 70 96
71 24 124
72 24 631
73 24 326
24 74 889
75 24 208
76 24 41
24 77 954
24 78 561
79 24 448
24 80 740
24 81 728
24 82 146
24 83 806
84 24 978
24 85 199
24 86 647
87 24 874
88 24 804
24 89 4
24 90 723
24 91 53
92 24 630
24 93 565
24 94 828
24 95 711
96 24 395
97 24 963
98 24 310
99 24 720
26 25 415
27 25 407
28 25 75
25 29 585
25 30 875
31 25 189
32 25 28
25 33 598
34 25 163
35 25 542
25 36 988
25 37 470
38 25 579
39 25 184
25 40 279
41 25 744
42 25 842
25 43 45
44 25 266
45 25 406
46 25 110
25 47 251
25 48 923
25 49 157
50 25 686
25 51 886
25 52 634
53 25 807
25 54 112
55 25 672
56 25 826
57 25 304
25 58 399
25 59 500
60 25 482
25 61 661
25 62 131
63 25 591
25 64 922
65 25 143
66 25 955
25 67 692
68 25 983
25 69 215
25 70 683
25 71 910
72 25 326
73 25 102
74 25 774
25 75 539
76 25 416
25 77 664
25 78 149
79 25 903
80 25 983
81 25 724
82 25 347
25 83 762
25 84 462
25 85 44
86 25 200
87 25 664
88 25 518
25 89 671
90 25 939
91 25 91
25 92 522
25 93 460
94 25 762
25 95 331
25 96 394
25 97 44
98 25 467
99 25 5
26 27 337
28 26 54
29 26 409
26 30 632
26 31 985
26 32 635
26 33 298
34 26 617
35 26 198
26 36 374
26 37 987
38 26 991
39 26 268
40 26 634
26 41 252
42 26 444
26 43 656
44 26 550
45 26 765
46 26 898
47 26 325
48 26 521
49 26 464
50 26 693
26 51 559
26 52 520
26 53 757
26 54 387
26 55 148
26 56 793
57 26 443
58 26 502
59 26 788
60 26 551
61 26 609
62 26 421
63 26 251
26 64 392
26 65 980
66 26 156
26 67 366
26 68 108
26 69 995
26 70 530
26 71 726
72 26 844
73 26 592
74 26 65
26 75 801
26 76 947
26 77 762
78 26 174
79 26 319
80 26 929
26 81 446
26 82 517
26 83 623
26 84 41
85 26 849
86 26 1
87 26 491
26 88 597
26 89 244
26 90 638
26 91 666
26 92 142
26 93 108
94 26 428
95 26 475
96 26 260
97 26 429
26 98 5
99 26 458
28 27 647
27 29 454
27 30 424
31 27 438
32 27 451
33 27 113
27 34 680
35 27 702
27 36 73
27 37 106
27 38 839
39 27 350
40 27 584
41 27 536
42 27 274
27 43 662
27 44 576
27 45 311
46 27 766
27 47 983
48 27 351
27 49 976
27 50 375
27 51 806
27 52 880
27 53 519
27 54 774
27 55 694
27 56 64
57 27 857
27 58 925
27 59 316
60 27 896
27 61 20
27 62 387
27 63 304
27 64 283
27 65 800
27 66 826
67 27 37
68 27 692
27 69 694
27 70 904
71 27 894
27 72 546
73 27 567
74 27 886
27 75 475
27 76 488
77 27 368
27 78 631
79 27 628
80 27 917
81 27 889
27 82 756
27 83 865
84 27 586
27 85 961
86 27 847
27 87 114
88 27 296
89 27 672
90 27 583
91 27 912
27 92 978
93 27 512
94 27 284
27 95 503
27 96 316
97 27 791
27 98 895
27 99 555
29 28 775
28 30 585
31 28 18
32 28 432
33 28 252
34 28 731
35 28 684
28 36 208
28 37 246
38 28 341
39 28 748
40 28 774
41 28 664
42 28 177
28 43 995
28 44 81
28 45 116
28 46 622
28 47 647
48 28 98
28 49 546
28 50 400
51 28 458
52 28 89
28 53 207
28 54 893
28 55 290
28 56 619
28 57 521
28 58 461
28 59 954
28 60 423
61 28 554
28 62 950
63 28 298
28 64 251
28 65 531
28 66 492
67 28 204
68 28 513
28 69 846
28 70 744
71 28 908
28 72 938
73 28 663
28 74 843
28 75 144
76 28 1
28 77 959
78 28 632
79 28 309
80 28 274
28 81 288
28 82 84
83 28 949
84 28 118
85 28 836
28 86 908
28 87 268
88 28 355
28 89 274
28 90 655
28 91 250
92 28 262
93 28 4
28 94 104
28 95 270
96 28 537
28 97 30
28 98 968
99 28 422
29 30 576
29 31 640
32 29 748
33 29 898
34 29 589
29 35 569
36 29 988
37 29 528
29 38 110
29 39 318
29 40 263
29 41 140
42 29 475
29 43 632
29 44 533
29 45 469
29 46 892
29 47 670
48 29 530
29 49 542
29 50 678
29 51 300
52 29 352
53 29 65
54 29 39
55 29 861
29 56 690
29 57 459
29 58 696
29 59 35
60 29 497
61 29 883
62 29 997
63 29 679
64 29 914
65 29 985
66 29 204
67 29 498
68 29 517
29 69 470
70 29 189
29 71 661
72 29 88
73 29 452
29 74 121
29 75 687
29 76 629
29 77 339
29 78 668
29 79 983
29 80 295
29 81 318
29 82 45
29 83 599
29 84 256
85 29 740
29 86 357
87 29 376
29 88 738
29 89 327
90 29 802
91 29 727
29 92 833
29 93 971
94 29 544
95 29 382
29 96 517
29 97 859
29 98 954
29 99 196
30 31 479
32 30 412
30 33 97
34 30 184
30 35 596
30 36 52
30 37 888
30 38 562
30 39 558
30 40 830
41 30 248
42 30 862
30 43 666
30 44 194
30 45 811
46 30 169
30 47 717
30 48 385
30 49 528
50 30 331
51 30 855
30 52 205
30 53 874
54 30 141
55 30 814
56 30 997
30 57 346
58 30 235
30 59 843
30 60 254
61 30 918
30 62 970
30 63 212
30 64 166
30 65 907
30 66 580
30 67 229
68 30 693
69 30 48
70 30 942
71 30 898
30 72 453
30 73 645
30 74 211
75 30 513
30 76 708
30 77 190
30 78 272
30 79 910
30 80 215
81 30 474
82 30 695
30 83 630
30 84 124
30 85 452
86 30 153
30 87 205
88 30 861
89 30 491
30 90 884
30 91 327
30 92 373
30 93 735
94 30 6
95 30 966
96 30 967
97 30 649
98 30 307
99 30 851
31 32 96
31 33 810
34 31 363
31 35 224
36 31 238
37 31 642
31 38 684
31 39 68
40 31 618
41 31 783
31 42 475
43 31 251
31 44 141
31 45 364
31 46 810
47 31 804
31 48 616
31 49 537
50 31 150
31 51 65
52 31 242
53 31 479
31 54 753
31 55 219
56 31 971
57 31 11
58 31 555
31 59 370
31 60 411
31 61 586
31 62 749
31 63 17
64 31 600
31 65 808
66 31 334
31 67 326
68 31 302
69 31 986
31 70 947
71 31 87
72 31 828
73 31 116
31 74 906
31 75 203
31 76 976
31 77 675
78 31 866
31 79 703
31 80 625
31 81 842
82 31 672
83 31 760
84 31 124
31 85 204
86 31 1
31 87 402
88 31 331
89 31 352
90 31 505
31 91 794
31 92 121
93 31 836
94 31 438
95 31 133
96 31 277
97 31 959
31 98 640
31 99 420
32 33 445
32 34 560
32 35 24
36 32 276
37 32 425
38 32 557
39 32 330
40 32 227
32 41 370
32 42 779
43 32 0
44 32 478
32 45 945
32 46 654
47 32 431
32 48 265
32 49 496
50 32 802
51 32 915
32 52 397
53 32 958
54 32 13
55 32 558
32 56 615
57 32 445
58 32 102
32 59 911
32 60 685
61 32 585
32 62 83
32 63 15
64 32 255
65 32 139
66 32 474
67 32 769
68 32 561
32 69 351
32 70 723
71 32 861
72 32 381
32 73 598
74 32 928
75 32 475
32 76 246
77 32 18
32 78 296
79 32 293
80 32 195
81 32 997
82 32 807
32 83 177
84 32 287
85 32 492
86 32 961
87 32 833
88 32 763
89 32 399
90 32 341
32 91 665
32 92 858
93 32 739
32 94 631
32 95 317
32 96 557
97 32 606
98 32 517
99 32 51
33 34 877
35 33 848
33 36 728
37 33 374
38 33 535
39 33 279
40 33 295
33 41 276
42 33 801
43 33 691
33 44 223
45 33 388
46 33 639
33 47 527
33 48 407
33 49 837
33 50 11
51 33 288
52 33 772
53 33 928
33 54 711
55 33 214
56 33 225
33 57 188
33 58 270
59 33 535
60 33 1
33 61 37
62 33 882
33 63 701
33 64 554
65 33 926
66 33 723
67 33 821
68 33 861
69 33 672
70 33 649
71 33 274
72 33 24
73 33 618
74 33 45
75 33 487
33 76 25
77 33 912
78 33 621
33 79 737
80 33 94
81 33 788
82 33 570
33 83 290
84 33 168
85 33 338
86 33 240
33 87 676
33 88 926
89 33 383
90 33 755
91 33 140
92 33 183
33 93 766
33 94 314
95 33 607
96 33 954
33 97 350
33 98 540
33 99 110
35 34 751
36 34 955
34 37 504
34 38 252
39 34 38
34 40 441
41 34 920
34 42 991
43 34 889
44 34 130
45 34 964
46 34 929
34 47 859
34 48 68
49 34 839
34 50 159
51 34 959
34 52 969
34 53 433
34 54 901
34 55 817
34 56 823
57 34 460
34 58 767
34 59 120
60 34 263
61 34 388
62 34 431
34 63 968
64 34 530
65 34 116
34 66 786
34 67 710
68 34 513
69 34 578
34 70 736
71 34 346
34 72 802
34 73 798
74 34 641
75 34 340
34 76 662
34 77 597
34 78 136
34 79 416
34 80 450
81 34 14
82 34 770
34 83 811
34 84 376
85 34 45
34 86 294
87 34 415
34 88 371
34 89 384
34 90 519
34 91 156
92 34 283
93 34 500
94 34 738
34 95 18
34 96 295
97 34 283
34 98 455
34 99 507
36 35 901
35 37 863
35 38 399
39 35 846
35 40 838
35 41 439
42 35 326
35 43 883
35 44 178
45 35 812
46 35 801
35 47 744
48 35 685
49 35 943
35 50 77
51 35 30
35 52 70
35 53 197
54 35 201
35 55 556
35 56 702
57 35 745
58 35 311
35 59 350
60 35 843
61 35 477
62 35 812
35 63 853
35 64 56
65 35 461
66 35 299
67 35 753
35 68 240
69 35 49
70 35 231
35 71 889
72 35 846
73 35 460
74 35 332
35 75 395
76 35 765
35 77 52
78 35 20
79 35 108
35 80 189
35 81 273
35 82 696
35 83 2
35 84 287
35 85 395
86 35 43
87 35 363
88 35 407
89 35 669
35 90 988
35 91 695
92 35 881
35 93 1
94 35 75
35 95 223
96 35 84
35 97 760
98 35 577
35 99 624
37 36 48
38 36 706
39 36 149
36 40 675
41 36 332
42 36 935
36 43 555
36 44 244
36 45 424
46 36 146
47 36 610
36 48 920
49 36 254
50 36 189
36 51 680
52 36 435
53 36 804
36 54 87
55 36 891
36 56 347
36 57 127
58 36 922
36 59 888
60 36 983
61 36 234
36 62 910
36 63 37
64 36 64
36 65 903
66 36 78
67 36 721
36 68 832
69 36 246
70 36 506
71 36 144
72 36 350
36 73 215
36 74 434
36 75 606
36 76 382
36 77 36
36 78 532
79 36 860
36 80 376
36 81 814
36 82 331
36 83 799
84 36 893
36 85 643
36 86 535
87 36 153
36 88 372
36 89 156
36 90 568
91 36 885
36 92 571
36 93 218
36 94 952
95 36 814
36 96 690
36 97 377
98 36 761
36 99 393
38 37 406
39 37 917
37 40 680
41 37 739
42 37 122
43 37 623
44 37 301
45 37 520
37 46 973
37 47 963
37 48 602
49 37 256
50 37 312
37 51 194
52 37 608
37 53 650
37 54 392
37 55 295
56 37 637
57 37 21
37 58 636
37 59 250
37 60 561
61 37 437
62 37 648
63 37 774
64 37 787
37 65 327
37 66 968
37 67 680
68 37 894
69 37 455
70 37 709
71 37 690
72 37 277
73 37 827
74 37 671
37 75 559
76 37 713
37 77 764
37 78 880
37 79 774
80 37 799
81 37 985
82 37 858
37 83 977
37 84 891
37 85 774
86 37 563
37 87 581
88 37 182
37 89 107
90 37 545
37 91 699
92 37 248
93 37 234
37 94 991
37 95 711
96 37 568
97 37 735
98 37 599
37 99 763
38 39 304
40 38 279
38 41 747
38 42 372
38 43 532
38 44 595
45 38 892
46 38 307
47 38 267
38 48 724
49 38 911
38 50 198
51 38 819
52 38 555
38 53 573
38 54 564
38 55 313
38 56 3
57 38 790
38 58 917
59 38 731
60 38 78
38 61 63
62 38 779
38 63 551
38 64 448
65 38 72
38 66 816
38 67 715
38 68 388
38 69 441
70 38 561
38 71 457
38 72 718
73 38 317
74 38 335
75 38 293
76 38 127
38 77 839
78 38 222
38 79 889
80 38 419
38 81 79
82 38 314
38 83 422
38 84 977
38 85 803
86 38 226
87 38 407
88 38 396
38 89 613
90 38 34
38 91 388
92 38 392
93 38 934
94 38 853
95 38 836
38 96 899
97 38 374
98 38 751
99 38 760
40 39 431
39 41 674
39 42 428
43 39 178
44 39 553
45 39 226
46 39 668
39 47 563
48 39 593
39 49 515
39 50 721
39 51 507
39 52 128
39 53 320
54 39 929
55 39 793
56 39 299
39 57 138
58 39 195
59 39 665
60 39 649
61 39 286
62 39 662
63 39 383
64 39 686
65 39 989
66 39 778
39 67 827
68 39 802
39 69 337
70 39 821
39 71 12
39 72 519
39 73 789
74 39 422
75 39 659
39 76 257
39 77 933
39 78 796
79 39 230
80 39 469
39 81 158
82 39 935
83 39 428
39 84 723
85 39 301
86 39 380
39 87 800
88 39 702
89 39 860
39 90 567
91 39 756
92 39 151
39 93 292
39 94 791
39 95 552
39 96 909
97 39 334
39 98 668
99 39 966
41 40 230
40 42 518
40 43 832
40 44 278
45 40 434
40 46 371
40 47 481
48 40 341
40 49 990
50 40 337
40 51 198
52 40 727
53 40 71
40 54 116
55 40 501
56 40 527
57 40 816
58 40 583
40 59 722
60 40 953
40 61 322
62 40 522
40 63 822
64 40 1
65 40 627
66 40 858
40 67 259
68 40 109
40 69 776
40 70 995
40 71 591
40 72 632
40 73 828
40 74 211
75 40 448
76 40 661
40 77 662
78 40 153
40 79 685
40 80 792
40 81 490
40 82 801
83 40 742
40 84 886
85 40 115
40 86 414
40 87 388
88 40 673
40 89 331
90 40 110
91 40 993
40 92 626
93 40 595
40 94 111
95 40 124
96 40 611
40 97 42
98 40 289
99 40 801
41 42 748
41 43 533
44 41 827
45 41 936
41 46 42
41 47 119
41 48 824
41 49 177
41 50 545
51 41 39
41 52 508
41 53 581
41 54 95
55 41 232
56 41 994
57 41 350
41 58 758
59 41 204
60 41 257
61 41 691
62 41 473
41 63 414
41 64 243
41 65 345
66 41 645
67 41 341
68 41 145
69 41 74
70 41 841
71 41 44
41 72 945
73 41 590
74 41 339
75 41 892
76 41 289
41 77 222
41 78 722
79 41 418
41 80 794
41 81 920
41 82 85
41 83 426
41 84 520
85 41 321
86 41 325
87 41 99
88 41 100
89 41 151
41 90 93
91 41 726
41 92 738
93 41 685
41 94 560
95 41 185
96 41 837
97 41 973
41 98 79
41 99 514
43 42 731
44 42 781
42 45 225
42 46 294
42 47 274
42 48 789
42 49 368
42 50 698
42 51 924
52 42 539
53 42 247
54 42 536
55 42 949
56 42 156
42 57 262
42 58 894
42 59 827
42 60 156
61 42 463
42 62 334
63 42 552
42 64 46
42 65 711
66 42 493
42 67 710
42 68 222
69 42 407
42 70 969
42 71 621
72 42 675
73 42 388
42 74 752
42 75 212
76 42 928
42 77 504
42 78 490
42 79 450
42 80 635
42 81 204
42 82 462
83 42 607
42 84 705
42 85 511
42 86 786
42 87 198
42 88 990
89 42 329
90 42 47
91 42 662
92 42 822
42 93 258
94 42 436
42 95 503
42 96 642
97 42 540
98 42 388
99 42 728
43 44 941
43 45 646
46 43 410
47 43 713
43 48 889
43 49 783
43 50 803
51 43 328
52 43 673
53 43 505
54 43 407
43 55 706
43 56 305
43 57 550
58 43 486
59 43 768
43 60 22
61 43 662
62 43 42
43 63 890
43 64 870
43 65 14
43 66 598
67 43 678
43 68 691
69 43 755
43 70 649
71 43 704
72 43 685
43 73 883
74 43 722
43 75 939
76 43 185
77 43 853
43 78 790
79 43 757
80 43 685
81 43 619
82 43 342
43 83 932
84 43 675
85 43 150
86 43 22
87 43 234
88 43 515
43 89 483
43 90 653
43 91 359
92 43 722
93 43 636
94 43 181
43 95 407
96 43 339
97 43 235
98 43 532
43 99 347
45 44 626
44 46 702
44 47 931
48 44 709
49 44 733
50 44 336
44 51 774
52 44 904
44 53 294
44 54 764
44 55 53
56 44 486
57 44 199
44 58 74
44 59 225
44 60 688
61 44 760
44 62 177
63 44 620
64 44 277
65 44 665
44 66 379
44 67 776
44 68 53
44 69 727
44 70 918
44 71 236
72 44 921
44 73 375
74 44 82
75 44 314
44 76 323
44 77 361
44 78 229
44 79 755
44 80 827
44 81 625
82 44 786
83 44 175
84 44 888
85 44 933
86 44 601
44 87 867
44 88 89
44 89 518
90 44 172
91 44 918
92 44 425
44 93 710
44 94 919
95 44 702
96 44 889
44 97 239
44 98 883
99 44 292
45 46 396
45 47 50
48 45 426
45 49 102
50 45 475
45 51 692
45 52 270
53 45 816
54 45 664
45 55 326
45 56 269
45 57 724
45 58 324
59 45 173
60 45 723
45 61 404
62 45 745
63 45 333
45 64 896
65 45 238
66 45 761
45 67 659
68 45 382
69 45 405
45 70 147
45 71 568
45 72 876
45 73 876
45 74 794
45 75 333
76 45 255
45 77 203
78 45 340
79 45 930
80 45 377
45 81 637
45 82 447
45 83 465
45 84 678
45 85 789
45 86 250
87 45 792
88 45 734
45 89 401
45 90 85
45 91 351
92 45 340
45 93 218
45 94 710
95 45 183
96 45 683
45 97 498
98 45 595
99 45 514
47 46 397
48 46 551
49 46 496
46 50 702
46 51 102
46 52 824
46 53 462
46 54 193
46 55 155
46 56 276
57 46 535
46 58 167
46 59 785
60 46 477
61 46 385
46 62 732
46 63 421
46 64 934
65 46 99
46 66 481
46 67 748
68 46 457
69 46 960
70 46 965
46 71 665
46 72 313
46 73 533
46 74 244
75 46 173
76 46 49
77 46 110
46 78 414
46 79 993
46 80 959
46 81 715
46 82 204
83 46 412
84 46 129
46 85 646
46 86 463
87 46 642
88 46 822
89 46 499
90 46 544
91 46 801
92 46 339
93 46 916
46 94 611
46 95 538
46 96 125
97 46 853
46 98 702
99 46 412
48 47 300
47 49 962
50 47 927
51 47 906
52 47 324
53 47 889
47 54 469
55 47 792
47 56 160
57 47 600
47 58 919
47 59 634
60 47 125
47 61 908
62 47 609
63 47 55
64 47 134
65 47 384
47 66 532
47 67 42
68 47 671
69 47 831
47 70 652
47 71 426
47 72 967
47 73 829
47 74 139
75 47 240
76 47 938
77 47 14
78 47 140
79 47 798
47 80 845
81 47 273
47 82 237
83 47 46
47 84 597
47 85 537
86 47 125
87 47 2
88 47 82
47 89 83
47 90 432
91 47 213
47 92 412
93 47 494
47 94 847
95 47 248
96 47 161
97 47 591
98 47 489
99 47 84
49 48 732
50 48 982
48 51 961
52 48 678
53 48 309
54 48 998
55 48 67
56 48 707
48 57 804
48 58 576
48 59 308
60 48 246
48 61 152
48 62 583
48 63 329
64 48 294
65 48 645
66 48 323
67 48 55
68 48 657
48 69 468
70 48 802
71 48 989
48 72 202
48 73 275
48 74 358
75 48 876
76 48 261
48 77 968
78 48 731
48 79 899
80 48 948
81 48 538
82 48 393
48 83 842
84 48 810
48 85 574
86 48 360
48 87 205
48 88 402
89 48 637
90 48 304
48 91 534
48 92 106
48 93 675
48 94 386
95 48 177
48 96 554
97 48 237
48 98 773
99 48 58
50 49 788
51 49 227
49 52 931
53 49 359
54 49 596
49 55 417
56 49 367
57 49 0
49 58 520
49 59 129
49 60 590
61 49 890
49 62 10
49 63 33
64 49 204
49 65 104
66 49 748
67 49 834
68 49 453
69 49 69
70 49 18
71 49 718
49 72 384
73 49 338
49 74 447
75 49 354
76 49 852
49 77 881
78 49 354
49 79 732
80 49 190
49 81 786
49 82 970
49 83 27
49 84 348
85 49 123
49 86 10
87 49 420
49 88 570
49 89 420
90 49 980
49 91 491
92 49 755
93 49 913
49 94 585
49 95 122
96 49 747
97 49 340
98 49 601
99 49 738
51 50 372
50 52 740
53 50 127
54 50 333
50 55 833
56 50 668
57 50 720
50 58 599
50 59 549
50 60 261
61 50 698
50 62 131
50 63 837
50 64 799
65 50 532
66 50 546
50 67 793
50 68 341
50 69 60
70 50 53
50 71 759
72 50 326
50 73 786
74 50 19
75 50 113
76 50 826
50 77 134
50 78 405
79 50 781
50 80 80
81 50 722
82 50 459
50 83 279
84 50 637
50 85 302
86 50 315
87 50 301
50 88 845
50 89 752
90 50 340
91 50 176
92 50 519
93 50 817
50 94 59
50 95 807
50 96 324
50 97 630
50 98 805
50 99 230
52 51 583
51 53 510
54 51 899
55 51 54
51 56 147
57 51 509
51 58 365
59 51 74
60 51 496
51 61 293
62 51 890
63 51 8
51 64 708
65 51 703
66 51 418
51 67 401
51 68 668
69 51 663
70 51 530
71 51 733
72 51 344
73 51 872
74 51 53
51 75 555
51 76 948
51 77 398
51 78 768
79 51 490
80 51 751
81 51 854
82 51 785
83 51 29
51 84 554
51 85 30
86 51 908
87 51 832
88 51 994
89 51 485
90 51 314
51 91 215
51 92 876
51 93 896
51 94 593
95 51 715
51 96 860
97 51 304
51 98 628
99 51 303
53 52 662
52 54 834
55 52 871
56 52 828
57 52 300
52 58 69
52 59 782
60 52 33
52 61 238
52 62 170
63 52 300
52 64 383
65 52 677
52 66 787
67 52 206
68 52 132
52 69 234
70 52 183
52 71 395
52 72 473
52 73 136
74 52 438
52 75 325
76 52 930
77 52 919
52 78 382
52 79 211
52 80 881
81 52 279
52 82 557
52 83 905
84 52 37
85 52 899
52 86 304
87 52 78
88 52 495
52 89 971
90 52 973
91 52 180
92 52 718
93 52 602
94 52 893
52 95 816
96 52 491
97 52 925
52 98 856
99 52 917
54 53 568
53 55 675
53 56 371
53 57 626
53 58 562
53 59 811
60 53 260
53 61 133
62 53 223
53 63 292
64 53 182
65 53 253
53 66 535
67 53 886
68 53 82
53 69 641
70 53 227
71 53 47
53 72 4
53 73 751
53 74 480
75 53 494
76 53 319
53 77 693
78 53 919
79 53 110
53 80 517
81 53 745
82 53 503
53 83 577
84 53 803
53 85 336
53 86 243
87 53 710
88 53 254
53 89 343
53 90 457
53 91 188
53 92 257
93 53 556
53 94 814
95 53 88
53 96 3
97 53 613
53 98 720
99 53 709
54 55 930
54 56 361
54 57 428
54 58 44
54 59 665
54 60 469
54 61 97
62 54 370
63 54 316
64 54 449
65 54 961
54 66 355
54 67 464
68 54 851
54 69 201
54 70 248
71 54 545
72 54 180
73 54 393
74 54 970
54 75 762
54 76 972
54 77 986
78 54 789
79 54 525
80 54 410
54 81 0
54 82 585
54 83 714
54 84 205
85 54 597
86 54 195
87 54 634
88 54 618
54 89 647
54 90 873
91 54 711
54 92 178
93 54 467
54 94 860
95 54 370
54 96 59
54 97 902
54 98 228
99 54 803
56 55 284
55 57 236
55 58 578
59 55 782
55 60 17
61 55 919
62 55 115
55 63 213
55 64 525
65 55 667
66 55 512
67 55 672
55 68 275
55 69 300
55 70 220
71 55 909
72 55 521
73 55 101
55 74 462
75 55 704
55 76 149
55 77 396
78 55 524
79 55 459
55 80 810
81 55 135
55 82 475
83 55 325
84 55 630
85 55 633
86 55 0
87 55 508
55 88 616
55 89 800
90 55 705
55 91 937
55 92 639
93 55 586
94 55 466
95 55 601
55 96 845
97 55 200
55 98 856
55 99 771
56 57 645
58 56 263
59 56 458
56 60 862
56 61 675
62 56 140
63 56 167
56 64 229
65 56 548
66 56 884
56 67 991
56 68 534
56 69 67
70 56 675
56 71 221
56 72 860
56 73 514
74 56 25
56 75 317
76 56 943
77 56 86
78 56 744
56 79 218
56 80 523
81 56 480
56 82 982
83 56 777
56 84 720
85 56 876
86 56 59
56 87 598
88 56 167
56 89 154
56 90 544
56 91 490
92 56 641
56 93 314
94 56 741
95 56 387
96 56 267
56 97 426
98 56 214
99 56 707
57 58 672
59 57 356
60 57 75
61 57 74
62 57 710
63 57 821
57 64 202
65 57 519
57 66 802
67 57 994
68 57 264
69 57 383
70 57 978
71 57 367
57 72 143
57 73 200
57 74 463
75 57 524
76 57 35
57 77 582
78 57 519
57 79 457
80 57 556
81 57 238
82 57 855
83 57 341
84 57 189
57 85 313
86 57 188
87 57 836
88 57 768
89 57 998
90 57 734
91 57 140
92 57 241
57 93 139
57 94 388
95 57 156
96 57 742
57 97 176
57 98 380
99 57 661
59 58 947
58 60 494
58 61 121
62 58 849
58 63 355
58 64 819
65 58 620
58 66 921
67 58 821
58 68 352
69 58 98
70 58 250
71 58 337
58 72 967
73 58 286
58 74 112
75 58 402
76 58 165
77 58 406
78 58 381
58 79 270
80 58 272
58 81 271
82 58 827
83 58 957
84 58 591
85 58 294
86 58 740
58 87 34
88 58 543
89 58 289
58 90 794
58 91 918
92 58 382
58 93 463
58 94 778
58 95 817
58 96 212
97 58 699
98 58 53
58 99 16
60 59 509
61 59 937
59 62 27
63 59 412
59 64 43
59 65 494
66 59 320
67 59 755
68 59 106
59 69 152
59 70 403
71 59 557
59 72 370
73 59 935
59 74 650
59 75 450
59 76 216
59 77 967
59 78 955
59 79 337
59 80 641
81 59 866
82 59 730
83 59 509
84 59 531
59 85 680
86 59 787
87 59 788
59 88 402
59 89 202
59 90 925
59 91 565
92 59 491
93 59 862
94 59 85
95 59 841
59 96 660
97 59 624
59 98 947
59 99 274
60 61 724
60 62 253
60 63 967
60 64 856
65 60 786
60 66 313
60 67 284
60 68 130
69 60 361
60 70 914
71 60 95
72 60 82
73 60 950
60 74 649
60 75 176
60 76 731
77 60 715
78 60 66
60 79 159
80 60 254
81 60 812
60 82 775
60 83 481
60 84 813
85 60 513
60 86 343
60 87 788
88 60 48
89 60 550
60 90 386
91 60 2
60 92 612
93 60 171
60 94 443
95 60 695
60 96 326
60 97 852
60 98 412
60 99 798
61 62 499
61 63 496
64 61 484
65 61 129
61 66 769
67 61 84
61 68 766
61 69 951
61 70 304
71 61 942
61 72 812
73 61 776
74 61 577
61 75 658
76 61 870
61 77 803
78 61 330
61 79 126
61 80 94
61 81 911
82 61 461
61 83 557
61 84 503
85 61 315
86 61 671
61 87 265
61 88 324
89 61 945
90 61 965
91 61 159
92 61 1
93 61 230
61 94 287
61 95 455
61 96 971
61 97 47
98 61 313
99 61 781
62 63 578
64 62 147
65 62 868
62 66 117
62 67 143
68 62 411
69 62 857
62 70 292
71 62 3
62 72 557
62 73 268
74 62 792
62 75 85
62 76 426
62 77 311
78 62 361
79 62 841
62 80 54
81 62 521
62 82 48
83 62 448
84 62 162
85 62 429
62 86 155
62 87 994
62 88 939
62 89 216
62 90 37
91 62 677
62 92 766
93 62 117
62 94 362
95 62 630
96 62 69
62 97 766
62 98 821
62 99 629
64 63 803
63 65 994
63 66 96
63 67 513
68 63 974
69 63 251
70 63 235
71 63 121
63 72 264
63 73 63
63 74 224
63 75 68
76 63 773
63 77 940
63 78 122
63 79 108
63 80 117
81 63 460
82 63 156
63 83 106
63 84 109
85 63 743
63 86 755
63 87 52
63 88 728
89 63 616
90 63 42
63 91 629
92 63 308
93 63 803
63 94 127
95 63 830
96 63 588
97 63 885
98 63 231
63 99 455
64 65 604
66 64 818
64 67 315
68 64 665
69 64 883
64 70 0
64 71 848
64 72 574
73 64 285
74 64 611
64 75 567
76 64 352
64 77 262
64 78 47
64 79 533
80 64 303
81 64 496
64 82 844
83 64 516
84 64 695
85 64 829
86 64 325
64 87 749
64 88 597
89 64 417
64 90 970
91 64 692
92 64 729
93 64 473
94 64 184
64 95 416
96 64 809
97 64 703
64 98 531
99 64 410
66 65 598
65 67 682
65 68 182
65 69 213
65 70 311
71 65 577
72 65 857
73 65 465
65 74 701
75 65 994
65 76 225
65 77 92
65 78 874
79 65 304
80 65 646
81 65 936
82 65 710
65 83 843
65 84 714
85 65 737
65 86 237
87 65 450
65 88 23
65 89 586
65 90 903
65 91 880
92 65 158
65 93 981
65 94 260
65 95 215
65 96 14
97 65 241
65 98 963
99 65 167
66 67 169
68 66 710
66 69 353
70 66 137
66 71 916
66 72 309
66 73 196
74 66 438
75 66 108
66 76 560
77 66 892
66 78 698
66 79 612
66 80 978
81 66 715
66 82 992
66 83 859
66 84 980
85 66 484
66 86 694
66 87 919
66 88 430
89 66 655
66 90 25
91 66 740
66 92 811
93 66 167
66 94 388
66 95 711
66 96 237
97 66 36
66 98 458
99 66 857
67 68 43
69 67 722
67 70 415
71 67 508
67 72 39
67 73 525
74 67 70
67 75 894
67 76 317
67 77 101
67 78 307
79 67 637
67 80 842
81 67 704
82 67 872
67 83 155
84 67 502
67 85 109
67 86 621
67 87 470
88 67 844
67 89 280
90 67 181
67 91 284
67 92 641
93 67 742
67 94 962
67 95 132
96 67 863
97 67 38
67 98 227
99 67 635
68 69 816
68 70 711
68 71 119
72 68 375
68 73 332
74 68 930
68 75 78
76 68 199
77 68 931
78 68 6
68 79 507
68 80 495
68 81 200
68 82 275
68 83 888
84 68 31
85 68 151
68 86 217
87 68 33
88 68 899
68 89 952
68 90 392
91 68 932
92 68 985
68 93 274
68 94 810
95 68 438
96 68 874
68 97 349
98 68 924
99 68 926
69 70 879
69 71 237
72 69 764
69 73 756
74 69 760
75 69 272
69 76 383
77 69 610
69 78 695
79 69 136
80 69 683
81 69 493
82 69 661
83 69 234
84 69 447
85 69 939
69 86 568
87 69 51
88 69 603
69 89 322
90 69 570
69 91 856
92 69 503
93 69 756
69 94 202
69 95 662
96 69 454
69 97 542
98 69 845
99 69 377
70 71 697
70 72 851
73 70 165
74 70 333
70 75 932
76 70 222
77 70 844
78 70 457
79 70 407
70 80 680
70 81 910
70 82 553
70 83 753
70 84 313
70 85 868
86 70 344
87 70 464
70 88 79
70 89 810
70 90 169
91 70 226
92 70 216
93 70 291
94 70 319
95 70 880
96 70 173
70 97 537
98 70 70
70 99 507
72 71 372
73 71 154
71 74 558
75 71 325
71 76 738
77 71 63
78 71 158
79 71 30
71 80 306
81 71 805
82 71 346
83 71 715
71 84 355
85 71 362
71 86 744
87 71 155
88 71 345
71 89 511
90 71 110
71 91 168
71 92 445
71 93 381
71 94 904
95 71 538
71 96 127
71 97 863
98 71 262
99 71 245
72 73 455
74 72 109
75 72 711
76 72 937
77 72 249
78 72 304
72 79 147
80 72 490
72 81 715
82 72 183
83 72 503
72 84 58
72 85 237
86 72 99
72 87 961
88 72 936
89 72 716
90 72 729
72 91 250
72 92 227
72 93 2
94 72 177
95 72 57
96 72 363
97 72 153
72 98 755
72 99 223
73 74 627
75 73 884
76 73 428
77 73 734
73 78 731
73 79 83
73 80 557
73 81 506
73 82 777
83 73 178
84 73 470
85 73 644
86 73 642
73 87 43
88 73 110
73 89 32
90 73 529
73 91 794
92 73 150
73 93 248
94 73 975
95 73 180
73 96 167
73 97 847
98 73 411
99 73 281
74 75 139
74 76 4
74 77 158
74 78 333
74 79 674
80 74 397
81 74 74
82 74 33
83 74 533
84 74 900
74 85 547
86 74 753
87 74 766
88 74 535
74 89 99
74 90 905
91 74 379
92 74 6
74 93 224
74 94 320
74 95 487
74 96 173
74 97 813
98 74 443
99 74 621
76 75 442
77 75 839
75 78 492
75 79 506
80 75 733
75 81 841
75 82 569
75 83 806
75 84 298
85 75 847
86 75 78
75 87 556
75 88 184
75 89 207
90 75 390
91 75 849
92 75 111
93 75 858
75 94 4
75 95 575
96 75 752
97 75 552
75 98 177
75 99 788
76 77 584
76 78 613
79 76 56
80 76 491
76 81 645
82 76 219
76 83 833
84 76 958
76 85 572
76 86 521
87 76 887
76 88 475
76 89 307
90 76 423
76 91 410
92 76 853
93 76 289
94 76 4
95 76 293
96 76 89
97 76 909
76 98 775
76 99 783
77 78 636
79 77 624
80 77 412
81 77 614
82 77 967
77 83 446
77 84 842
85 77 202
77 86 443
77 87 818
77 88 662
89 77 220
77 90 251
91 77 940
77 92 115
77 93 288
94 77 788
77 95 544
77 96 7
77 97 331
98 77 992
77 99 84
79 78 940
80 78 681
81 78 141
78 82 577
78 83 273
84 78 433
78 85 309
86 78 584
78 87 267
78 88 315
78 89 842
78 90 808
78 91 837
92 78 169
93 78 621
78 94 312
78 95 552
78 96 118
97 78 952
78 98 49
99 78 134
79 80 350
81 79 939
79 82 517
83 79 537
84 79 200
85 79 610
86 79 423
87 79 654
79 88 443
79 89 329
90 79 908
91 79 326
92 79 130
93 79 729
94 79 394
79 95 845
79 96 629
97 79 519
79 98 994
79 99 165
80 81 678
80 82 218
80 83 941
84 80 920
80 85 586
86 80 937
87 80 63
88 80 988
89 80 930
80 90 725
80 91 660
92 80 877
80 93 674
80 94 696
95 80 328
96 80 849
97 80 671
80 98 187
99 80 471
82 81 463
81 83 568
84 81 386
85 81 653
81 86 784
87 81 494
88 81 68
89 81 415
90 81 975
81 91 93
81 92 447
93 81 456
94 81 728
95 81 396
81 96 352
97 81 648
98 81 409
81 99 805
82 83 888
82 84 761
82 85 527
82 86 266
82 87 811
88 82 425
89 82 87
82 90 141
82 91 262
92 82 885
93 82 950
82 94 581
95 82 737
96 82 350
82 97 502
98 82 507
82 99 32
83 84 96
85 83 964
86 83 12
87 83 678
88 83 493
83 89 788
83 90 188
83 91 290
92 83 668
83 93 395
83 94 349
83 95 445
83 96 332
83 97 399
83 98 697
99 83 693
84 85 327
84 86 97
84 87 144
84 88 481
84 89 407
84 90 274
84 91 524
84 92 794
93 84 121
94 84 428
84 95 408
96 84 453
97 84 762
84 98 493
84 99 380
86 85 907
85 87 865
85 88 178
89 85 487
90 85 390
85 91 571
92 85 805
93 85 449
85 94 696
85 95 694
85 96 96
85 97 172
98 85 810
99 85 762
86 87 243
88 86 306
86 89 329
90 86 600
91 86 5
86 92 331
86 93 54
86 94 884
95 86 576
96 86 161
97 86 796
98 86 870
86 99 269
87 88 921
87 89 198
87 90 191
87 91 648
92 87 57
87 93 608
94 87 710
87 95 94
96 87 871
97 87 998
98 87 584
87 99 50
89 88 101
90 88 642
88 91 740
92 88 597
93 88 236
88 94 843
95 88 807
96 88 107
88 97 700
88 98 311
99 88 735
89 90 776
89 91 703
89 92 775
89 93 263
94 89 298
89 95 774
96 89 244
97 89 462
89 98 740
99 89 920
91 90 280
90 92 107
93 90 130
94 90 942
90 95 462
90 96 243
97 90 979
98 90 698
99 90 770
92 91 92
93 91 33
91 94 685
95 91 544
91 96 730
97 91 569
98 91 399
99 91 345
93 92 858
94 92 740
92 95 195
92 96 828
92 97 309
98 92 559
99 92 393
94 93 352
95 93 907
93 96 459
97 93 360
93 98 690
99 93 379
94 95 439
96 94 143
97 94 893
98 94 166
94 99 553
95 96 755
95 97 700
98 95 819
99 95 643
96 97 533
96 98 244
96 99 862
98 97 145
99 97 95
98 99 535
